# frame a b c d e f angle(deg)
0 0 1 5 3 6 4 8.720931
1 3 1 4 5 7 2 47.558372
2 0 4 1 2 6 5 41.721228
3 1 6 2 5 3 4 27.790179
4 1 4 5 2 7 0 49.193721
5 0 2 7 4 5 3 38.964130
6 2 4 1 5 3 7 27.636175
7 2 4 0 3 6 5 30.510408
8 2 3 0 4 1 5 67.395538
9 0 1 2 5 4 6 19.199304
10 2 7 1 5 6 3 60.052944
11 0 3 4 1 5 2 16.572752
12 3 7 4 5 1 0 56.024622
13 1 7 2 4 3 6 42.941057
14 2 3 7 4 1 5 55.628619
15 2 0 4 5 7 1 14.409349
16 3 0 1 4 6 2 7.175596
17 2 0 5 4 6 3 18.485346
18 3 7 2 6 5 1 62.663722
19 2 4 7 3 6 5 50.271705
20 1 4 0 2 6 5 40.918260
21 3 7 0 5 2 1 49.873431
22 0 7 3 2 4 5 38.845124
23 2 6 5 4 1 7 16.218196
24 1 6 0 3 7 4 161.157000
25 4 7 1 5 6 3 33.680820
26 0 4 6 3 5 1 24.811711
27 4 1 0 6 3 2 48.873309
28 1 6 5 4 0 2 49.835837
29 1 3 7 6 4 2 15.823934
30 0 3 1 4 6 2 53.370201
31 2 5 0 6 7 3 19.037917
32 2 0 7 5 6 1 52.269123
33 3 1 2 4 6 7 13.392442
34 0 1 6 2 7 4 19.864859
35 1 3 0 6 4 5 54.487670
36 1 7 5 4 2 0 24.677530
37 3 1 0 4 6 2 15.447144
38 1 5 4 3 6 2 50.773304
39 1 0 3 5 6 2 50.273910
40 2 1 0 4 5 3 18.393159
41 3 1 6 5 4 0 21.694901
42 1 0 5 3 7 4 13.657696
43 3 6 7 5 0 1 29.719966
44 1 5 4 3 6 2 17.653743
45 0 7 5 4 2 6 27.145068
46 0 1 4 5 2 3 14.439916
47 0 5 4 1 3 6 51.246327
48 5 7 3 6 4 0 24.240014
49 0 2 5 3 1 6 25.688227
50 0 2 3 6 5 4 47.733040
51 0 4 2 3 7 5 24.720664
52 3 7 0 5 2 1 50.614941
53 2 7 5 4 1 6 42.076184
54 0 7 4 2 5 6 26.358185
55 1 4 6 5 2 7 39.868248
56 0 5 4 1 7 6 26.092755
57 2 3 5 4 0 6 46.602388
58 2 4 3 5 0 7 55.656578
59 0 6 5 2 1 3 22.926342
60 4 2 1 5 0 6 45.948671
61 3 1 0 4 2 7 18.704227
62 1 6 5 7 4 0 49.450580
63 0 7 2 6 1 4 20.689806
64 3 5 0 4 2 1 33.232788
65 5 0 4 7 2 6 33.947337
66 1 0 7 2 3 5 28.566584
67 3 7 2 4 0 6 38.539302
68 1 7 2 4 3 6 5.108224
69 1 0 5 4 2 6 20.960069
70 1 6 7 5 0 3 37.518222
71 2 3 4 5 1 0 48.318317
72 2 6 1 4 0 7 22.230401
73 1 6 0 2 7 5 55.277876
74 3 6 0 4 2 5 2.225242
75 1 0 6 4 3 2 11.347302
76 0 3 1 6 5 2 52.992457
77 0 3 5 1 6 4 40.147688
78 1 7 4 2 3 0 51.175772
79 3 0 5 6 2 4 51.264586
80 0 1 7 5 6 3 29.079199
81 4 2 1 6 5 3 35.191019
82 0 1 2 6 3 4 53.058483
83 4 2 5 6 3 0 16.678553
84 0 1 5 6 3 7 6.652991
85 3 2 7 4 0 1 29.003419
86 0 4 7 2 6 1 12.191913
87 5 1 7 6 4 2 29.161637
88 2 6 1 5 4 7 44.233510
89 1 6 4 7 0 3 54.864080
90 1 5 4 3 2 6 33.384902
91 0 3 5 4 1 6 39.123821
92 4 7 3 5 2 1 35.474247
93 3 5 2 7 6 0 51.060955
94 0 6 4 2 3 7 56.041513
95 5 7 3 6 0 2 12.203604
96 3 6 1 5 0 4 50.112313
97 1 3 7 5 0 2 2.985880
98 1 6 3 4 2 5 49.485704
99 3 6 0 5 7 4 22.141538
100 0 6 3 5 4 7 23.412566
101 0 5 3 6 1 7 52.489314
102 1 4 0 2 7 3 36.607399
103 5 0 4 6 2 7 45.738588
104 1 0 5 3 2 4 30.678994
105 4 0 5 6 7 3 48.581584
106 3 1 2 6 4 5 49.377022
107 1 3 0 5 6 2 17.979350
108 4 1 7 6 2 5 37.365016
109 1 4 2 3 7 6 12.996872
110 0 5 2 1 7 6 34.445773
111 1 6 0 5 7 3 5.262394
112 2 7 0 3 4 5 53.999464
113 1 4 0 7 2 5 55.296747
114 1 6 0 4 5 7 26.974697
115 2 5 7 4 3 6 62.220430
116 0 6 1 2 7 3 46.982754
117 4 7 3 6 1 2 24.256608
118 3 7 6 4 5 0 44.268033
119 1 6 0 5 2 7 9.354099
120 1 7 3 2 6 5 22.552612
121 2 1 4 3 5 7 45.185105
122 0 6 3 2 1 5 41.372934
123 2 4 7 6 1 3 17.340533
124 1 6 7 3 5 4 49.587558
125 4 0 3 5 1 7 165.088617
126 3 7 5 6 2 1 18.220318
127 4 1 2 6 7 5 27.900971
128 4 7 2 5 6 3 52.921312
129 0 7 1 2 6 4 50.165613
130 1 0 4 6 3 5 32.373788
131 4 7 1 6 2 3 13.265878
132 1 4 7 3 5 0 46.984834
133 0 6 2 1 4 3 35.350265
134 3 5 0 6 4 2 48.664572
135 5 1 3 6 2 4 11.103915
136 0 7 5 2 3 6 25.170391
137 3 2 5 4 7 6 47.701858
138 2 0 6 3 7 1 29.738518
139 0 4 7 2 6 1 125.475231
140 5 2 7 6 4 3 58.392177
141 1 2 3 7 5 4 17.017860
142 0 7 4 5 6 3 43.935256
143 2 0 4 6 7 3 48.610044
144 0 4 3 1 5 7 16.669995
145 0 4 1 3 7 2 52.482391
146 2 5 0 7 3 6 38.705855
147 0 1 2 3 4 7 26.628111
148 1 5 3 4 7 6 12.685499
149 2 6 3 4 7 1 34.406597
150 0 7 4 2 1 6 44.827649
151 0 7 2 4 5 3 13.083111
152 2 0 6 7 5 1 12.979347
153 2 1 7 6 0 5 15.384113
154 1 4 2 3 6 0 51.499993
155 1 4 3 2 5 6 13.779438
156 2 1 6 5 0 4 10.915190
157 1 7 5 3 6 0 178.295114
158 0 3 7 2 6 4 55.269035
159 0 2 7 4 3 1 18.764493
160 3 0 7 4 5 6 2.011014
161 2 6 4 3 0 7 13.893526
162 0 4 5 3 1 2 40.459840
163 2 6 5 3 1 0 2.954749
164 4 0 6 5 2 1 57.098922
165 0 3 5 4 1 7 14.722215
166 0 3 5 1 6 2 13.536992
167 2 6 0 3 7 5 44.579284
168 3 2 7 5 4 1 45.824241
169 1 6 7 2 5 4 47.444881
170 2 5 1 4 0 7 11.650486
171 5 4 2 6 7 1 46.769820
172 0 7 6 2 1 5 10.175181
173 1 2 3 4 5 6 56.467914
174 0 4 6 2 3 5 52.491259
175 0 4 3 1 6 5 38.241978
176 1 2 4 5 7 3 3.678496
177 3 0 5 4 6 1 45.234613
178 3 6 7 4 1 5 56.078855
179 4 5 7 6 0 1 47.425489
180 2 5 3 6 0 1 21.356372
181 4 2 6 5 1 0 50.551516
182 2 0 1 6 7 4 21.169938
183 3 1 4 5 2 7 16.078101
184 2 3 0 4 6 5 52.594894
185 1 0 6 3 2 5 20.703394
186 1 0 3 5 6 4 49.618747
187 5 3 1 7 6 2 17.131717
188 1 0 7 5 3 6 49.319325
189 0 4 1 2 7 5 51.243249
190 2 3 0 5 7 1 44.799226
191 2 6 5 3 4 1 42.226694
192 0 5 1 6 2 7 74.525306
193 0 5 6 1 7 3 24.151300
194 3 2 7 6 5 1 178.796071
195 0 1 4 5 7 2 24.239555
196 5 1 2 6 3 0 20.218535
197 5 2 4 6 7 1 12.709936
198 3 2 7 4 6 1 57.747224
199 3 2 5 6 4 1 34.491165
200 4 6 3 5 1 0 39.511165
201 0 7 4 1 5 6 121.386247
202 5 1 2 7 3 4 51.151307
203 3 2 0 7 5 4 19.590874
204 0 1 7 3 6 2 14.986327
205 2 7 5 4 6 1 20.906691
206 0 7 4 5 1 2 18.889372
207 1 5 4 2 6 0 13.342562
208 1 4 2 5 0 3 51.102816
209 4 6 1 7 5 2 26.052162
210 5 1 0 7 4 2 46.718317
211 5 0 1 7 2 6 26.762143
212 0 6 2 3 5 4 2.350582
213 0 6 2 3 5 4 2.350582
214 1 5 0 6 3 7 20.826988
215 0 4 7 1 5 2 13.456110
216 4 1 7 5 2 6 31.606106
217 5 2 4 6 1 7 5.579926
218 5 0 1 7 3 4 26.207630
219 0 6 3 4 2 1 25.977914
220 2 4 0 6 3 1 36.288450
221 0 5 3 2 6 4 54.002202
222 2 0 6 4 3 1 16.776819
223 4 3 5 7 6 1 30.862592
224 1 2 6 4 7 5 28.630389
225 4 3 6 5 7 0 36.414349
226 0 2 7 4 3 6 36.228308
227 0 6 4 2 7 5 54.684759
228 4 1 2 7 3 0 32.486173
229 0 2 5 4 1 6 3.624449
230 0 1 3 4 2 7 42.888511
231 2 5 7 4 1 6 35.559846
232 1 6 3 4 7 0 24.311192
233 0 4 7 6 3 2 27.627986
234 0 7 3 5 4 1 47.821396
235 3 5 6 4 0 7 5.427125
236 0 5 4 7 1 2 17.779130
237 2 5 6 4 3 7 46.944881
238 3 1 4 5 7 2 38.524997
239 0 5 4 7 1 3 31.454679
240 1 3 4 6 0 2 151.119394
241 1 0 2 5 4 3 35.037365
242 2 6 5 4 3 0 23.398728
243 1 4 7 5 6 2 2.257235
244 1 4 7 3 0 2 37.727853
245 5 3 2 6 7 0 30.905827
246 0 7 2 5 6 3 45.494462
247 1 0 5 3 6 7 22.226923
248 0 2 5 7 4 3 53.238918
249 1 7 0 5 4 3 22.716834
250 5 7 3 6 0 2 15.285665
251 2 7 1 6 0 5 52.081399
252 2 7 6 4 5 0 40.510538
253 1 7 3 5 6 2 45.018908
254 4 0 1 5 7 3 45.246884
255 1 7 5 2 4 3 18.618771
256 4 1 7 5 3 0 18.488624
257 2 7 0 4 3 6 30.508178
258 0 5 1 6 7 4 29.371402
259 2 3 5 4 1 7 26.674591
260 0 2 7 5 6 3 52.101128
261 3 2 4 7 0 6 48.163255
262 0 7 4 1 3 6 28.903053
263 1 7 0 6 4 3 27.506552
264 1 5 0 6 7 2 24.310578
265 1 0 6 4 3 2 1.975827
266 0 1 6 5 3 7 53.984461
267 4 7 1 6 5 3 44.226444
268 3 1 0 6 5 4 58.975983
269 1 0 4 3 6 5 14.884522
270 4 3 5 7 6 2 46.735260
271 0 3 7 1 4 6 53.650275
272 6 0 2 7 4 1 41.445621
273 1 0 6 3 2 4 42.932226
274 0 6 4 1 3 2 48.292280
275 4 3 2 6 1 7 59.147694
276 1 2 7 5 6 3 18.919326
277 2 3 4 5 0 7 11.350175
278 1 0 4 6 3 7 53.011217
279 0 7 2 6 1 5 45.127059
280 0 1 5 6 4 7 40.404586
281 0 4 2 1 6 3 8.328078
282 0 3 2 4 1 7 49.994752
283 1 5 4 3 7 0 60.907788
284 0 6 4 1 5 2 13.456110
285 4 3 1 6 2 0 54.142788
286 0 6 2 7 1 3 5.179337
287 4 3 6 5 2 1 56.153490
288 2 7 5 6 0 3 49.777102
289 0 1 7 6 2 3 14.007060
290 4 3 2 6 0 5 22.060285
291 0 4 5 2 3 1 53.035515
292 3 0 1 4 2 6 19.540693
293 0 7 5 6 3 4 49.149506
294 0 6 5 4 7 1 20.069627
295 1 4 3 5 7 0 14.733191
296 1 7 3 2 6 4 51.649216
297 1 0 5 6 7 4 14.419940
298 1 7 3 2 6 4 29.919446
299 3 1 2 4 0 5 7.155319
300 0 6 3 7 1 5 53.757184
301 6 1 0 7 4 3 21.928608
302 1 5 6 2 3 0 48.298827
303 0 2 4 3 7 5 48.128828
304 4 7 0 5 1 3 53.416832
305 2 6 3 5 4 0 31.955948
306 1 4 2 3 5 6 42.488547
307 3 7 5 4 2 6 38.674542
308 5 3 2 7 6 1 4.008138
309 0 7 6 2 1 3 28.694927
310 1 7 3 6 4 5 20.326900
311 0 7 4 1 3 2 17.530446
312 1 0 4 5 7 3 16.274723
313 3 2 0 5 7 1 52.636690
314 0 4 2 6 1 7 48.006055
315 1 2 3 6 7 0 49.937646
316 2 5 3 6 1 7 45.181822
317 0 3 4 2 5 6 39.334499
318 2 0 6 4 7 1 33.282617
319 3 7 2 6 0 5 27.063304
320 0 5 1 6 7 3 9.258565
321 1 0 3 6 5 4 55.587058
322 0 1 5 7 4 3 15.408756
323 0 1 6 4 2 7 45.381232
324 3 2 5 4 7 6 53.496611
325 2 1 5 3 7 6 177.612807
326 1 3 2 4 6 7 14.716029
327 0 5 1 2 4 3 5.668532
328 2 6 1 5 0 4 49.625910
329 1 7 0 5 3 2 15.941602
330 0 2 3 1 6 7 46.939879
331 2 0 5 3 7 4 43.800729
332 0 7 6 1 5 4 47.678891
333 3 5 6 4 0 2 26.763574
334 2 0 6 5 7 4 53.652756
335 4 1 5 6 3 7 42.530948
336 4 7 3 5 0 1 16.970385
337 1 4 2 6 0 5 48.995294
338 2 0 6 3 1 7 23.514478
339 1 7 5 3 2 0 43.520523
340 1 7 3 5 2 4 28.501113
341 1 0 3 2 5 7 32.783879
342 0 6 4 1 2 3 46.494588
343 3 0 5 7 4 2 52.667611
344 1 0 2 5 7 3 51.704538
345 1 0 5 2 7 6 22.326172
346 4 3 7 5 2 6 53.611256
347 2 1 4 6 3 5 54.391353
348 1 5 0 4 2 7 22.772533
349 4 3 0 6 7 5 16.441462
350 1 7 4 2 0 3 39.350651
351 0 1 7 3 6 5 33.616627
352 1 2 4 3 0 6 51.637285
353 4 7 3 5 6 0 40.221156
354 2 5 6 7 0 4 9.695305
355 6 4 0 7 1 3 40.987934
356 5 4 7 6 2 1 48.602784
357 6 1 3 7 0 5 43.051537
358 0 7 6 1 3 2 6.751444
359 5 2 4 7 6 3 23.472161
360 2 0 7 5 6 4 52.484162
361 3 2 1 5 7 4 5.825149
362 0 1 4 3 6 7 50.255032
363 3 0 7 4 1 6 19.064652
364 5 0 4 6 2 1 19.218753
365 1 5 2 6 4 0 37.231577
366 1 7 6 2 5 3 17.404646
367 0 6 3 5 1 4 39.907044
368 2 3 1 5 7 0 53.440742
369 4 0 2 7 1 3 53.475761
370 0 4 2 3 1 5 58.120559
371 2 5 7 6 3 1 20.774921
372 1 5 7 4 6 2 47.689992
373 1 0 4 5 6 7 10.785625
374 3 5 4 7 1 0 26.595404
375 0 5 3 7 1 6 17.506394
376 1 2 7 6 0 5 11.615169
377 1 0 5 2 4 7 64.346520
378 5 4 3 6 1 0 24.453010
379 5 2 1 6 4 0 21.052910
380 0 5 4 2 7 3 38.914214
381 2 7 0 3 6 1 48.475100
382 0 7 1 6 5 2 42.350921
383 2 6 5 4 3 1 28.650622
384 0 2 6 5 4 3 45.589882
385 0 4 2 5 6 1 16.796873
386 5 2 4 7 3 6 53.968732
387 1 2 3 6 0 7 56.360599
388 0 6 7 5 4 2 46.348680
389 4 2 0 5 7 6 47.731944
390 4 7 1 5 0 6 41.343612
391 5 6 0 7 4 2 13.131451
392 3 5 2 7 4 1 49.471258
393 2 6 7 4 5 3 17.630865
394 1 6 3 7 5 4 42.554902
395 4 5 0 7 1 3 50.487329
396 0 1 4 2 5 6 52.894365
397 5 1 0 7 3 6 21.043766
398 0 5 4 7 2 6 16.043013
399 2 3 0 4 5 1 44.987751
400 1 2 7 3 4 6 22.642488
401 5 1 4 6 7 2 55.006876
402 2 0 1 7 6 3 18.802320
403 1 3 6 2 4 0 18.685343
404 0 6 1 7 5 3 56.697903
405 2 7 1 3 4 6 36.846845
406 2 1 0 3 7 4 51.203604
407 0 6 4 2 3 7 31.233815
408 1 7 3 6 0 4 56.621556
409 1 3 2 4 0 5 42.601466
410 2 4 1 5 6 0 50.184878
411 1 0 2 7 6 3 34.147807
412 3 1 6 4 2 7 18.723896
413 1 2 3 6 4 7 82.427261
414 0 1 6 7 2 5 10.531765
415 3 4 0 6 5 1 25.690558
416 4 3 7 6 1 2 15.839478
417 2 3 5 4 7 6 46.533391
418 4 0 2 6 7 5 13.772113
419 4 2 5 6 3 1 17.458262
420 0 7 6 2 1 4 49.633162
421 0 4 3 6 5 1 48.399500
422 3 1 7 5 0 2 27.603867
423 0 2 4 5 1 7 36.100053
424 2 6 0 4 3 7 59.094936
425 2 4 1 6 7 3 55.572214
426 0 2 7 6 1 5 18.920056
427 0 4 2 6 3 7 51.680249
428 3 5 4 6 0 7 15.475110
429 2 0 1 7 6 4 47.186537
430 0 6 2 3 1 4 14.819242
431 3 1 0 4 5 6 50.916974
432 3 6 7 4 0 1 10.372441
433 4 6 3 5 1 7 16.965746
434 4 6 3 7 0 2 14.122065
435 2 7 1 6 3 0 46.301588
436 1 2 5 3 7 6 46.474150
437 2 7 6 5 0 4 6.626132
438 5 0 1 6 4 3 58.947882
439 6 1 4 7 3 5 50.088956
440 0 5 4 1 3 2 0.705586
441 3 6 2 5 0 4 45.202552
442 0 5 2 4 6 7 37.920345
443 4 1 3 6 7 2 14.810959
444 5 1 4 6 7 2 14.810959
445 5 2 4 7 3 6 17.948009
446 6 2 1 7 5 3 49.359611
447 4 6 0 7 1 3 16.674078
448 2 5 0 6 3 7 33.177414
449 3 0 5 6 4 1 24.614777
450 6 2 1 7 0 3 21.672975
451 3 6 0 4 2 1 42.935343
452 2 7 5 4 3 1 51.921016
453 0 1 6 7 2 4 41.653128
454 2 6 3 4 1 7 15.441182
455 1 7 0 3 2 6 62.303928
456 5 6 0 7 2 1 34.467884
457 1 3 6 7 2 5 12.383679
458 0 4 3 2 1 7 16.330259
459 5 2 3 7 0 4 19.423776
460 3 1 7 6 0 4 48.635364
461 0 7 3 1 5 4 48.844423
462 1 5 4 3 0 7 5.151716
463 5 4 1 7 2 0 47.515324
464 0 3 5 4 1 2 48.627679
465 0 2 5 6 4 1 34.528437
466 2 1 4 5 0 3 31.129573
467 0 1 4 7 3 2 16.924541
468 2 7 0 5 3 1 44.787199
469 3 7 5 6 0 2 50.439244
470 0 5 4 7 6 3 20.657545
471 2 1 0 5 7 3 31.822195
472 1 7 6 2 5 0 50.553232
473 3 0 5 6 1 7 43.882927
474 4 7 1 6 2 5 24.683386
475 1 2 5 3 7 6 48.749091
476 0 5 1 7 4 2 43.660060
477 4 7 0 5 3 2 28.856838
478 4 7 0 6 5 1 50.736233
479 0 4 7 2 5 3 28.910403
480 2 5 4 7 3 0 36.257157
481 1 3 5 4 2 6 51.327923
482 2 4 0 3 6 1 17.743741
483 1 4 5 2 3 7 22.587547
484 0 5 6 2 1 4 25.582585
485 6 2 3 7 5 1 49.759110
486 5 7 4 6 1 2 42.858674
487 2 1 3 4 6 7 26.717219
488 6 1 0 7 4 3 20.898692
489 3 2 4 6 0 7 27.981127
490 0 4 2 3 7 6 19.083423
491 4 5 0 7 2 3 51.988416
492 4 3 0 5 1 2 2.085191
493 1 2 4 7 6 3 50.963703
494 0 5 3 4 7 2 1.915407
495 0 2 1 3 6 7 43.984911
496 1 3 7 2 5 0 46.217964
497 2 4 3 7 5 6 41.593508
498 4 3 0 7 6 1 50.952987
499 0 2 3 5 4 6 44.384980
500 4 7 2 5 0 6 49.047666
501 3 1 2 7 4 0 52.192240
502 4 3 5 7 0 2 19.009783
503 1 6 2 4 0 3 44.607687
504 1 6 7 5 4 2 47.052794
505 0 2 1 6 4 5 1.457990
506 2 6 0 4 5 1 51.518350
507 2 4 0 6 3 1 16.458691
508 1 7 3 2 4 6 26.582607
509 3 1 0 6 5 4 19.887003
510 4 2 1 6 3 5 49.110313
511 1 4 0 2 6 7 52.100941
512 4 6 7 5 3 1 49.838081
513 3 7 5 6 4 2 28.895127
514 1 3 2 7 4 0 12.501720
515 6 0 1 7 4 5 42.509292
516 0 3 2 5 1 6 44.326232
517 0 4 7 2 3 1 44.831495
518 3 1 6 7 5 4 48.394643
519 3 5 1 6 0 7 49.304839
520 3 6 1 5 7 4 28.304724
521 1 5 4 3 2 6 41.580104
522 1 3 2 5 4 0 26.270305
523 6 5 1 7 4 3 43.666897
524 0 4 7 2 3 6 8.833364
525 0 1 2 7 4 5 19.235974
526 4 6 2 7 0 5 11.956519
527 6 4 3 7 5 0 41.546615
528 0 1 4 7 5 2 50.536070
529 2 6 5 7 0 4 21.603863
530 5 1 0 7 2 3 19.472147
531 2 6 4 7 1 5 55.260760
532 4 2 0 6 3 7 9.275650
533 6 4 1 7 2 3 46.275979
534 1 2 5 6 7 3 14.093550
535 3 6 7 4 2 0 50.893045
536 1 7 6 5 3 2 37.721760
537 2 0 5 7 4 3 24.231723
538 4 1 5 7 2 3 54.085918
539 5 7 3 6 4 2 27.484799
540 3 0 1 5 7 6 43.364541
541 0 2 7 4 6 1 17.080953
542 3 2 1 6 7 4 56.712797
543 6 4 3 7 5 2 20.501349
544 2 5 6 7 0 4 5.752585
545 0 2 6 5 1 3 44.111893
546 0 4 2 3 7 5 44.151557
547 1 6 7 5 4 3 4.885730
548 1 4 7 5 6 2 46.550820
549 2 3 6 7 0 5 28.962812
550 5 3 7 6 1 0 11.776103
551 5 3 6 7 2 1 44.618184
552 1 6 5 3 7 2 19.843730
553 2 3 5 4 1 7 51.810300
554 2 4 5 3 0 1 23.114092
555 2 6 1 7 0 3 48.404411
556 0 5 6 4 7 1 0.550146
557 1 6 2 7 5 0 20.924290
558 0 2 4 7 1 5 51.391520
559 0 4 6 2 5 1 47.137888
560 2 1 0 5 4 3 16.089149
561 0 2 6 5 4 7 18.693749
562 3 1 4 5 7 0 14.304916
563 1 3 2 4 6 7 41.656681
564 1 4 3 6 7 5 51.197119
565 3 5 1 6 4 0 49.447245
566 4 0 1 7 2 3 53.832466
567 1 5 2 7 6 3 53.388750
568 1 3 0 5 2 7 20.029311
569 0 6 5 1 7 4 15.741745
570 0 1 6 3 5 2 26.177675
571 4 3 6 5 1 2 86.230905
572 3 6 4 7 1 0 47.756279
573 0 6 4 5 3 7 52.021148
574 3 4 2 5 7 0 18.263624
575 0 4 6 3 5 1 20.764055
576 1 2 3 7 6 5 28.437807
577 2 0 7 3 1 4 2.477581
578 0 5 1 7 2 3 44.427740
579 6 1 0 7 2 5 35.147026
580 6 0 1 7 5 4 164.698247
581 5 3 2 7 6 0 25.351216
582 4 0 5 7 6 2 34.959022
583 6 3 5 7 4 2 49.499053
584 5 2 3 6 1 7 41.878335
585 5 3 0 7 4 1 45.183435
586 1 2 3 6 4 5 15.352944
587 0 1 2 6 4 5 15.352944
588 3 5 7 6 4 0 46.726414
589 3 6 7 5 2 1 24.142609
590 4 2 1 7 3 0 0.325606
591 0 1 2 7 4 6 34.150457
592 3 2 5 4 6 0 44.346625
593 0 3 5 6 2 7 10.256066
594 5 3 2 6 0 1 10.056369
595 5 6 3 7 4 1 49.121779
596 4 1 5 7 2 6 23.290140
597 6 1 3 7 4 2 52.460716
598 1 2 7 4 0 3 32.108807
599 5 1 4 7 2 0 41.835921
600 6 4 0 7 3 1 22.220815
601 2 4 6 7 5 0 54.494372
602 2 4 1 6 3 5 60.571473
603 1 2 5 3 7 6 8.876452
604 1 3 5 7 0 2 20.922191
605 2 6 5 7 1 0 48.267943
606 0 1 6 3 5 4 45.051211
607 0 5 3 7 1 2 4.729481
608 1 0 6 7 5 2 54.231529
609 2 5 0 7 1 6 7.708024
610 3 7 0 5 1 4 48.600659
611 2 7 1 6 4 0 9.376081
612 4 6 3 7 2 0 6.063607
613 0 4 6 3 5 7 60.786400
614 1 4 6 7 5 0 38.361104
615 0 4 1 2 3 5 22.594205
616 2 3 0 5 4 7 54.500420
617 4 0 6 5 2 7 18.965130
618 2 0 6 7 3 4 45.572656
619 4 1 6 5 0 2 20.278258
620 0 5 7 3 4 6 55.292660
621 0 7 3 5 2 4 24.243081
622 2 5 4 6 7 1 50.568617
623 2 0 1 7 6 4 51.367758
624 3 5 2 4 7 6 31.833447
625 5 3 7 6 0 4 54.867085
626 2 5 0 4 6 7 165.111047
627 1 0 2 7 4 5 51.683222
628 3 6 4 5 7 2 6.841316
629 4 1 0 7 5 3 27.614959
630 0 1 5 2 7 6 19.870938
631 1 7 0 6 2 3 47.669500
632 2 4 0 6 1 3 15.409136
633 5 1 2 7 3 4 11.059022
634 0 2 1 3 6 7 34.530750
635 0 2 3 6 5 1 17.003604
636 6 0 4 7 3 2 14.182484
637 5 1 2 7 4 6 40.062191
638 2 0 7 4 1 6 5.155212
639 4 3 2 7 5 6 36.384603
640 0 2 4 5 6 1 23.945822
641 6 1 4 7 5 3 47.467571
642 6 2 0 7 1 4 51.827156
643 2 1 6 4 0 3 10.073103
644 2 6 1 7 5 4 16.260187
645 3 0 1 7 5 2 15.229526
646 5 1 2 7 3 6 52.044521
647 6 1 5 7 2 3 29.442778
648 4 1 0 6 7 2 20.308848
649 2 6 4 7 3 1 42.229825
650 1 2 5 7 3 6 48.425781
651 5 1 4 7 0 3 42.230135
652 1 5 3 7 6 0 78.555873
653 1 0 5 7 3 2 22.025733
654 4 6 3 7 2 1 52.906908
655 1 5 6 7 2 4 30.224034
656 3 1 4 7 6 5 52.413131
657 1 5 3 7 6 0 17.252763
658 4 1 2 6 7 0 47.777491
659 1 5 0 7 3 2 52.289651
660 2 4 3 7 0 1 14.359913
661 5 2 4 7 1 6 144.420328
662 2 1 3 5 7 6 37.709720
663 1 3 0 7 2 5 39.454822
664 4 5 1 7 0 3 49.582648
665 2 0 1 7 6 4 22.538728
666 1 0 5 7 4 6 38.394914
667 6 1 2 7 3 5 24.897032
668 1 4 6 7 2 0 59.963033
669 0 4 5 7 2 1 6.709860
670 3 2 5 7 1 4 16.440608
671 1 4 0 7 5 2 16.427486
672 6 5 3 7 0 4 52.143190
673 3 5 0 6 1 4 43.859276
674 4 6 3 7 2 0 0.243932
675 4 1 7 5 3 2 42.813852
676 3 6 4 7 5 0 44.412928
677 0 5 1 7 2 6 51.169673
678 4 3 5 7 6 1 41.424537
679 6 1 3 7 4 0 43.154493
680 1 2 0 7 4 3 20.524136
681 6 3 1 7 4 2 50.923508
682 4 2 6 7 5 0 50.745888
683 0 2 1 7 5 4 13.071013
684 6 4 5 7 1 2 18.749237
685 1 0 5 7 6 2 53.730256
686 5 0 3 6 4 1 14.715414
687 1 3 5 7 6 2 51.095539
688 2 5 1 7 6 3 18.885493
689 2 0 5 7 1 6 48.815614
690 4 3 1 7 6 0 32.017618
691 3 6 2 7 4 0 11.155580
692 4 2 6 7 5 0 11.155580
693 0 1 3 7 5 2 58.884227
694 4 6 3 7 5 1 18.375944
695 5 6 0 7 4 2 55.612971
696 6 3 2 7 5 0 54.253929
697 5 0 4 7 1 6 13.442296
698 2 5 4 7 6 3 17.833804
699 2 0 5 7 6 1 17.283797
700 1 5 4 7 2 6 42.527380
