0.2 0.03845211608485344
0.21581581581581583 0.02845713396614724
0.23163163163163164 0.020306333893155726
0.24744744744744746 0.014178153611189126
0.26326326326326327 0.010170797678325516
0.2790790790790791 0.008300717926621237
0.29489489489489495 0.008504408156875365
0.31071071071071077 0.010643380816201087
0.3265265265265266 0.014512063962994537
0.3423423423423424 0.019848241221237073
0.3581581581581582 0.026345560407299295
0.373973973973974 0.0336675618611898
0.38978978978978984 0.041462627902675964
0.40560560560560566 0.04937923172556702
0.42142142142142147 0.05708086766330811
0.4372372372372373 0.06426007411290213
0.4530530530530531 0.0706510133688415
0.4688688688688689 0.0760401460781076
0.48468468468468473 0.08027462805474794
0.5005005005005005 0.08326815926615094
0.5163163163163164 0.08500412404321989
0.5321321321321322 0.0855359729817402
0.547947947947948 0.08498490573150785
0.5637637637637638 0.08353501540850561
0.5795795795795797 0.08142614576380192
0.5953953953953954 0.07894478826729978
0.6112112112112114 0.07641340551605935
0.6270270270270271 0.0741786083608238
0.642842842842843 0.07259863629026253
0.6586586586586587 0.07203059424568814
0.6744744744744746 0.07281788530688005
0.6902902902902903 0.07527824944922812
0.7061061061061062 0.07969277624657312
0.721921921921922 0.08629620680708527
0.7377377377377379 0.09526878043057663
0.7535535535535536 0.106729817562486
0.7693693693693695 0.12073316557135993
0.7851851851851852 0.1372645704046319
0.8010010010010011 0.15624097760412325
0.8168168168168168 0.1775117123309784
0.8326326326326328 0.20086144126944394
0.8484484484484485 0.2260147803097866
0.8642642642642644 0.2526423809821383
0.8800800800800801 0.2803683054764141
0.895895895895896 0.30877848409261477
0.9117117117117117 0.33743003917818304
0.9275275275275277 0.36586125490052845
0.9433433433433434 0.3936019713864025
0.9591591591591593 0.4201841837010899
0.9749749749749752 0.4451526298603262
0.9907907907907909 0.46807515682671097
1.0066066066066068 0.4885526587986233
1.0224224224224225 0.5062283879401669
1.0382382382382385 0.5207964442406599
1.0540540540540542 0.5320092589442487
1.06986986986987 0.5396838957062329
1.0856856856856858 0.5437070062214834
1.1015015015015017 0.5440382934982888
1.1173173173173174 0.5407123571320064
1.1331331331331334 0.533838821616403
1.148948948948949 0.5236006813954848
1.164764764764765 0.5102508351215079
1.1805805805805807 0.4941068261300233
1.1963963963963966 0.47554385567952917
1.2122122122122123 0.4549861887554407
1.2280280280280282 0.4328971274679351
1.243843843843844 0.4097677821400072
1.2596596596596599 0.3861049226328688
1.2754754754754756 0.3624182396451413
1.2912912912912915 0.3392073849534396
1.3071071071071072 0.31694918824310747
1.3229229229229231 0.2960854639833571
1.3387387387387388 0.277011822828537
1.3545545545545548 0.26006788694055594
1.3703703703703705 0.24552927677660552
1.3861861861861864 0.23360168839529005
1.402002002002002 0.2244173161511992
1.417817817817818 0.21803379755167474
1.4336336336336337 0.21443576761123817
1.4494494494494496 0.21353901253837326
1.4652652652652653 0.21519711088779392
1.4810810810810813 0.21921034868890077
1.496896896896897 0.22533659802254924
1.512712712712713 0.23330376057869195
1.5285285285285286 0.24282330318880252
1.5443443443443445 0.2536043550556104
1.5601601601601602 0.2653677996212678
1.5759759759759762 0.2778597801194369
1.5917917917917919 0.29086404826824086
1.6076076076076078 0.30421262062327303
1.6234234234234235 0.317794266036464
1.6392392392392394 0.33156042854388545
1.6550550550550551 0.3455282898512274
1.670870870870871 0.3597807904624972
1.6866866866866868 0.3744635536765447
1.7025025025025027 0.3897787868431086
1.7183183183183186 0.4059763637649465
1.7341341341341343 0.42334241521012816
1.7499499499499502 0.44218586559883655
1.765765765765766 0.4628234479429254
1.7815815815815819 0.48556380163375634
1.7973973973973976 0.5106913052004751
1.8132132132132135 0.5384503162953236
1.8290290290290292 0.5690304827208621
1.8448448448448451 0.6025537513978501
1.8606606606606608 0.6390636381759428
1.8764764764764768 0.6785172329432226
1.8922922922922925 0.7207803053475472
1.9081081081081084 0.765625751307981
1.923923923923924 0.8127354848099039
1.93973973973974 0.8617057391700278
1.9555555555555557 0.912055603164675
1.9713713713713716 0.9632384861987862
1.9871871871871873 1.0146560887601141
2.0030030030030033 1.065674354838946
2.018818818818819 1.1156408060305374
2.034634634634635 1.1639026058622282
2.050450450450451 1.209824679500025
2.0662662662662665 1.2528072191207233
2.0820820820820822 1.2923019383226002
2.0978978978978984 1.3278264981746037
2.113713713713714 1.3589766098993417
2.12952952952953 1.3854354207752357
2.1453453453453455 1.4069799058493293
2.1611611611611616 1.4234841131254639
2.1769769769769773 1.434919238371176
2.192792792792793 1.4413506318654439
2.208608608608609 1.4429319578060629
2.224424424424425 1.4398968327022337
2.2402402402402406 1.4325483575859697
2.2560560560560567 1.4212470268615163
2.2718718718718725 1.406397541677272
2.287687687687688 1.388435076565727
2.303503503503504 1.3678115446165826
2.31931931931932 1.3449823796130669
2.3351351351351357 1.3203943054052258
2.3509509509509514 1.2944744962722585
2.366766766766767 1.267621450849817
2.3825825825825833 1.2401978106352147
2.398398398398399 1.212525256738024
2.4142142142142147 1.184881520125897
2.4300300300300304 1.1574994457134984
2.4458458458458465 1.1305679635052297
2.4616616616616622 1.104234744347702
2.477477477477478 1.0786102567008764
2.4932932932932936 1.0537728964087663
2.50910910910911 1.029774835060915
2.5249249249249255 1.006648224580929
2.540740740740741 0.9844114056467136
2.556556556556557 0.9630747940792099
2.572372372372373 0.9426461603241673
2.5881881881881887 0.9231350698711255
2.6040040040040044 0.9045563137246497
2.61981981981982 0.8869322244030993
2.6356356356356363 0.8702938408293623
2.651451451451452 0.8546809514181086
2.6672672672672677 0.8401411054289416
2.6830830830830834 0.8267277354203868
2.6988988988988996 0.814497576107811
2.7147147147147153 0.8035075954196756
2.730530530530531 0.7938116710574348
2.746346346346347 0.7854572500884616
2.762162162162163 0.7784822204141677
2.7779779779779785 0.7729122023658033
2.7937937937937942 0.768758437751668
2.8096096096096104 0.7660164144263881
2.825425425425426 0.7646653192203375
2.8412412412412418 0.7646683633974286
2.8570570570570575 0.7659739753057409
2.8728728728728736 0.7685178070791566
2.8886886886886893 0.7722254584756976
2.904504504504505 0.777015783233713
2.9203203203203207 0.7828046133357327
2.936136136136137 0.7895087154854137
2.9519519519519526 0.7970497826312329
2.9677677677677683 0.8053582617188324
2.983583583583584 0.8143768267468773
2.9993993993994 0.8240633229198703
3.015215215215216 0.834393032131612
3.0310310310310316 0.8453601407610508
3.0468468468468473 0.8569783261801516
3.0626626626626634 0.8692804166909543
3.078478478478479 0.8823171190163211
3.094294294294295 0.8961548462049849
3.1101101101101105 0.9108727152443575
3.1259259259259267 0.9265588163690581
3.1417417417417424 0.9433058838245304
3.157557557557558 0.9612065197959168
3.1733733733733738 0.9803481387519136
3.18918918918919 1.0008078083009935
3.2050050050050056 1.0226471648295474
3.2208208208208213 1.0459075779756397
3.2366366366366375 1.0706057279091505
3.252452452452453 1.0967297441487371
3.268268268268269 1.1242360350963236
3.2840840840840846 1.1530469145460904
3.2998998998999007 1.1830491060999813
3.3157157157157164 1.214093179660072
3.331531531531532 1.2459939468869858
3.347347347347348 1.2785318155511698
3.363163163163164 1.3114550767973814
3.3789789789789797 1.3444830751141197
3.3947947947947954 1.377310188751094
3.410610610610611 1.4096105288437006
3.4264264264264273 1.4410432488599252
3.442242242242243 1.4712583423626218
3.4580580580580587 1.4999027965800713
3.4738738738738744 1.5266269619384574
3.4896896896896905 1.551090993523264
3.505505505505506 1.572971219360569
3.521321321321322 1.591966292378419
3.5371371371371376 1.6078029878393745
3.5529529529529538 1.620241515827788
3.5687687687687695 1.62908022890953
3.584584584584585 1.634159618211772
3.600400400400401 1.6353655067152009
3.616216216216217 1.6326313662846637
3.6320320320320327 1.6259397046058726
3.6478478478478484 1.6153224894016138
3.663663663663664 1.6008605996591059
3.6794794794794803 1.58268231663028
3.695295295295296 1.5609608905241346
3.7111111111111117 1.535911241495998
3.7269269269269274 1.5077858751150188
3.7427427427427435 1.4768701123032093
3.7585585585585592 1.443476751139018
3.774374374374375 1.4079402922934512
3.790190190190191 1.370610870670429
3.806006006006007 1.3318480426032364
3.8218218218218225 1.2920145803858178
3.837637637637638 1.2514704238068415
3.8534534534534544 1.2105669316842727
3.86926926926927 1.1696415653206538
3.8850850850850858 1.1290131206416179
3.9009009009009015 1.0889776070388593
3.9167167167167176 1.0498048492635728
3.9325325325325333 1.011735864886967
3.948348348348349 0.9749810447386849
3.9641641641641647 0.9397191382910702
3.979979979979981 0.9060970211358955
3.9957957957957966 0.8742301984357091
4.011611611611612 0.8442039773925563
4.027427427427428 0.8160752241235484
4.043243243243244 0.7898746064833788
4.059059059059059 0.7656092147745356
4.074874874874875 0.7432654471903044
4.090690690690691 0.7228120462944172
4.106506506506507 0.7042031767015552
4.122322322322323 0.6873814420384041
4.138138138138139 0.6722807507150916
4.1539539539539545 0.6588289543556622
4.16976976976977 0.6469501991476917
4.185585585585586 0.6365669480302204
4.2014014014014025 0.6276016496754044
4.217217217217218 0.6199780477812896
4.233033033033034 0.6136221404909872
4.24884884884885 0.6084628140972428
4.264664664664665 0.6044321870226961
4.280480480480481 0.6014657089829925
4.296296296296297 0.5995020660113848
4.312112112112113 0.5984829445952211
4.327927927927929 0.5983527076643763
4.343743743743745 0.5990580318551324
4.35955955955956 0.6005475497618933
4.375375375375376 0.6027715333019443
4.391191191191192 0.6056816454462186
4.4070070070070075 0.6092307780381456
4.422822822822823 0.6133729838571513
4.43863863863864 0.6180635020685659
4.4544544544544555 0.6232588682515552
4.470270270270271 0.6289170937266806
4.486086086086087 0.6349978942114696
4.501901901901903 0.6414629450816483
4.517717717717718 0.648276139738179
4.533533533533534 0.6554038286765762
4.54934934934935 0.6628150196080168
4.565165165165166 0.6704815230762475
4.580980980980982 0.6783780330616738
4.596796796796798 0.6864821376313407
4.6126126126126135 0.6947742603338682
4.628428428428429 0.7032375383216201
4.644244244244245 0.711857647723203
4.660060060060061 0.7206225902722496
4.675875875875876 0.7295224573965383
4.691691691691693 0.7385491887597022
4.707507507507509 0.7476963416081488
4.723323323323324 0.7569588852960145
4.73913913913914 0.766333032225306
4.754954954954956 0.7758161124128766
4.770770770770771 0.7854064943075129
4.786586586586587 0.7951035496932604
4.802402402402404 0.8049076559037459
4.818218218218219 0.8148202244951338
4.834034034034035 0.8248437422996333
4.849849849849851 0.8349818086607763
4.8656656656656665 0.845239151808726
4.881481481481482 0.8556216078484346
4.897297297297298 0.8661360476872453
4.913113113113114 0.8767902403063619
4.92892892892893 0.887592644878652
4.944744744744746 0.898552129075061
4.960560560560562 0.9096776161496658
4.976376376376377 0.9209776686828982
4.992192192192193 0.9324600218204913
5.008008008008009 0.9441310831176231
5.023823823823824 0.9559954193723873
5.03963963963964 0.9680552528639055
5.055455455455457 0.9803099900346314
5.071271271271272 0.9927558048046478
5.087087087087088 1.005385296409302
5.102902902902904 1.0181872380407921
5.1187187187187195 1.0311464278712663
5.134534534534535 1.0442436485389905
5.150350350350351 1.0574557352478837
5.166166166166167 1.0707557466566529
5.181981981981983 1.0841132271182277
5.197797797797799 1.0974945439564876
5.213613613613615 1.110863279674639
5.22942942942943 1.1241806565497463
5.245245245245246 1.1374059701658599
5.261061061061062 1.150497009158114
5.2768768768768775 1.163410440758402
5.292692692692694 1.1761021455174068
5.30850850850851 1.1885274895937095
5.3243243243243255 1.2006415289258718
5.340140140140141 1.2123991460460104
5.355955955955957 1.2237551268171927
5.371771771771773 1.2346641905281932
5.387587587587588 1.2450809921162111
5.403403403403404 1.2549601194103719
5.419219219219221 1.2642561108635297
5.435035035035036 1.2729235200253768
5.450850850850852 1.280917051873467
5.466666666666668 1.2881917930478621
5.482482482482483 1.2947035531414528
5.498298298298299 1.3004093277136444
5.514114114114115 1.3052678859613787
5.5299299299299305 1.309240477430518
5.545745745745747 1.3122916432812493
5.561561561561563 1.3143901089698362
5.5773773773773785 1.3155097273182856
5.593193193193194 1.315630434329058
5.60900900900901 1.31473917522119
5.624824824824826 1.3128307553871523
5.640640640640641 1.3099085705551747
5.656456456456457 1.3059851725190816
5.672272272272274 1.3010826313565642
5.688088088088089 1.2952326619447563
5.703903903903905 1.2884764915100664
5.719719719719721 1.2808644555061317
5.735535535535536 1.272455320787016
5.751351351351352 1.2633153472460807
5.767167167167168 1.253517111196198
5.782982982982984 1.2431381251389473
5.7987987987988 1.2322592986022156
5.814614614614616 1.2209632928728396
5.8304304304304315 1.209332828262474
5.846246246246247 1.1974490056886782
5.862062062062063 1.1853897046353998
5.877877877877879 1.1732281169332692
5.893693693693694 1.1610314703786218
5.909509509509511 1.1488599882462067
5.925325325325327 1.1367661206325919
5.941141141141142 1.1247940717958116
5.956956956956958 1.1129796348169632
5.972772772772774 1.1013503316388258
5.9885885885885894 1.0899258434907413
6.004404404404405 1.0787187045257733
6.020220220220221 1.0677352207615654
6.0360360360360374 1.0569765676335783
6.051851851851853 1.0464400130329474
6.067667667667669 1.0361202088771917
6.0834834834834846 1.0260104931761467
6.0992992992993 1.0161041461889784
6.115115115115116 1.006395548461847
6.130930930930932 0.9968811950020833
6.146746746746747 0.9875605281864452
6.162562562562564 0.9784365617359788
6.17837837837838 0.9695162786800471
6.194194194194195 0.9608107971141941
6.210010010010011 0.9523353081748998
6.225825825825827 0.9441088004906957
6.2416416416416425 0.9361535939706239
6.257457457457458 0.9284947127925391
6.273273273273275 0.9211591325952447
6.2890890890890905 0.9141749400150048
6.304904904904906 0.9075704438118961
6.320720720720722 0.9013732759922389
6.336536536536538 0.8956095187406895
6.352352352352353 0.8903028889070262
6.368168168168169 0.8854740065910434
6.383983983983985 0.8811397684182438
6.399799799799801 0.8773128397980966
6.415615615615617 0.8740012741937104
6.431431431431433 0.8712082615603066
6.447247247247248 0.8689320029278678
6.463063063063064 0.8671657038371978
6.47887887887888 0.8658976761325313
6.4946946946946955 0.8651115355250028
6.510510510510511 0.8647864813415522
6.526326326326328 0.8648976448569988
6.5421421421421435 0.8654164934014241
6.557957957957959 0.8663112788204984
6.573773773773775 0.8675475205939716
6.589589589589591 0.8690885157308511
6.605405405405406 0.8708958692161648
6.621221221221222 0.872930040074612
6.637037037037038 0.8751508988820438
6.652852852852854 0.8775182927007177
6.66866866866867 0.8799926129132791
6.684484484484486 0.8825353603305968
6.700300300300301 0.8851097003658639
6.716116116116117 0.8876809991774464
6.731931931931933 0.8902173297070508
6.7477477477477485 0.8926899347270377
6.763563563563564 0.8950736326175787
6.779379379379381 0.8973471508631907
6.7951951951951965 0.8994933723959451
6.811011011011012 0.9014994810718855
6.826826826826828 0.9033569948301167
6.842642642642644 0.9050616784515554
6.858458458458459 0.9066133322203138
6.874274274274275 0.9080154580226582
6.890090090090092 0.9092748102443393
6.905905905905907 0.9104008449281065
6.921721721721723 0.911405086662148
6.937537537537539 0.9123004381938917
6.9533533533533545 0.9131004624082966
6.96916916916917 0.913818669707947
6.984984984984986 0.9144678456687726
7.000800800800802 0.9150594538814517
7.016616616616618 0.9156031469825714
7.032432432432434 0.9161064150009535
7.04824824824825 0.9165743943826007
7.064064064064065 0.9170098536226775
7.079879879879881 0.917413362649216
7.095695695695697 0.917783643395358
7.111511511511512 0.9181180888684898
7.127327327327328 0.9184134280315007
7.143143143143145 0.918666504530633
7.15895895895896 0.9188751293004722
7.174774774774776 0.9190389608672069
7.190590590590592 0.9191603631944298
7.2064064064064075 0.9192451895007405
7.222222222222223 0.9193034418220182
7.238038038038039 0.9193497602409959
7.253853853853855 0.9194037025526208
7.269669669669671 0.9194897844085448
7.285485485485487 0.9196372612737194
7.301301301301303 0.9198796462898926
7.317117117117118 0.9202539717307404
7.332932932932934 0.9207998154393602
7.34874874874875 0.9215581267193711
7.364564564564565 0.9225698978759922
7.380380380380382 0.9238747372966416
7.396196196196198 0.9255094070381256
7.412012012012013 0.9275063918939197
7.427827827827829 0.9298925675518894
7.443643643643645 0.9326880325990867
7.4594594594594605 0.9359051628533774
7.475275275275276 0.9395479370576998
7.491091091091092 0.9436115707963025
7.5069069069069085 0.9480824811757731
7.522722722722724 0.9529385890773622
7.53853853853854 0.9581499494417242
7.554354354354356 0.9636796839502001
7.570170170170171 0.9694851754759408
7.585985985985987 0.9755194706038293
7.601801801801803 0.9817328260779294
7.6176176176176185 0.9880743278127778
7.633433433433435 0.9944935075162444
7.649249249249251 1.0009418822399985
7.6650650650650665 1.0073743463145677
7.680880880880882 1.0137503529447505
7.696696696696698 1.0200348338411307
7.712512512512514 1.0261988190660978
7.728328328328329 1.0322197350481692
7.744144144144145 1.0380813756241851
7.759959959959962 1.0437735580962257
7.775775775775777 1.0492914927131216
7.791591591591593 1.0546349088139249
7.807407407407409 1.059806993295203
7.823223223223224 1.0648132064073892
7.83903903903904 1.069660045636785
7.854854854854856 1.0743538302750324
7.870670670670672 1.078899577117541
7.886486486486488 1.0833000316883834
7.902302302302304 1.08755490979866
7.9181181181181195 1.0916603916425758
7.933933933933935 1.0956088957228536
7.949749749749751 1.0993891435062597
7.965565565565567 1.1029865087560193
7.981381381381382 1.1063836289182132
7.997197197197199 1.1095612406810442
8.013013013013014 1.1124991887341973
8.02882882882883 1.115177546565405
8.044644644644645 1.1175777814165782
8.060460460460462 1.1196838926627095
8.076276276276277 1.1214834540383347
8.092092092092093 1.1229684952593373
8.107907907907908 1.1241361673913515
8.123723723723725 1.124989148313094
8.139539539539541 1.1255357591476665
8.155355355355356 1.1257897787792515
8.171171171171173 1.1257699606317377
8.186986986986987 1.1254992728080004
8.202802802802804 1.1250038985287114
8.218618618618619 1.1243120476814747
8.234434434434435 1.1234526414170074
8.25025025025025 1.1224539394828714
8.266066066066067 1.1213421839270927
8.281881881881882 1.120140332704802
8.297697697697698 1.1188669525749706
8.313513513513515 1.1175353326990305
8.32932932932933 1.1161528689773734
8.345145145145146 1.1147207549993596
8.360960960960961 1.1132339993063345
8.376776776776778 1.1116817713542126
8.392592592592592 1.1100480610530432
8.408408408408409 1.1083126200057944
8.424224224224226 1.1064521374751077
8.44004004004004 1.10444159149039
8.455855855855857 1.1022557060472438
8.471671671671672 1.0998704395525785
8.487487487487488 1.097264427837408
8.503303303303303 1.0944203072851788
8.51911911911912 1.0913258497767122
8.534934934934935 1.0879748508925164
8.550750750750751 1.0843677256068673
8.566566566566568 1.0805117808621205
8.582382382382383 1.0764211511100705
8.5981981981982 1.0721164002566386
8.614014014014014 1.067623810525195
8.62982982982983 1.0629743946627968
8.645645645645645 1.058202681823301
8.661461461461462 1.053345338656713
8.677277277277279 1.0484396950522328
8.693093093093093 1.043522248240538
8.70890890890891 1.0386272193753445
8.724724724724725 1.0337852333079496
8.740540540540541 1.0290221852666885
8.756356356356356 1.0243583479691838
8.772172172172173 1.0198077599047948
8.787987987987988 1.0153779208334635
8.803803803803804 1.0110698047502036
8.81961961961962 1.0068781845026895
8.835435435435436 1.0027922467629895
8.851251251251252 0.9987964619386049
8.867067067067067 0.9948716615702797
8.882882882882884 0.990996266388838
8.898698698698698 0.9871476019224144
8.914514514514515 0.9833032356180665
8.930330330330332 0.9794422699444797
8.946146146146146 0.9755465297686943
8.961961961961963 0.971601589169971
8.977777777777778 0.9675975923342184
8.993593593593594 0.9635298347019045
9.00940940940941 0.9593990834662486
9.025225225225226 0.9552116301254333
9.041041041041042 0.9509790813548784
9.056856856856857 0.9467179072783272
9.072672672672674 0.9424487776351778
9.088488488488489 0.9381957258149346
9.104304304304305 0.933985187827069
9.12012012012012 0.9298449677052802
9.135935935935937 0.9258031824698084
9.151751751751751 0.9218872386051858
9.167567567567568 0.9181228882170496
9.183383383383385 0.9145334069087181
9.1991991991992 0.9111389273782968
9.215015015015016 0.9079559532800442
9.230830830830831 0.9049970675766436
9.246646646646647 0.902270839013761
9.262462462462462 0.8997819200487472
9.278278278278279 0.8975313200962134
9.294094094094095 0.8955168297822562
9.30990990990991 0.8937335654037919
9.325725725725727 0.8921745982399849
9.341541541541542 0.890831630911301
9.357357357357358 0.8896956826589527
9.373173173173173 0.8887577471360858
9.38898898898899 0.8880093898664443
9.404804804804806 0.88744325764852
9.420620620620621 0.8870534785031454
9.436436436436438 0.8868359378713381
9.452252252252253 0.8867884242347029
9.468068068068069 0.8869106447228213
9.483883883883884 0.8872041181872367
9.4996996996997 0.8876719593044727
9.515515515515515 0.8883185722317377
9.531331331331332 0.8891492759686999
9.547147147147149 0.8901698857545867
9.562962962962963 0.8913862755195218
9.57877877877878 0.8928039456673499
9.594594594594595 0.8944276184285005
9.610410410410411 0.8962608798872508
9.626226226226226 0.8983058838113245
9.642042042042043 0.9005631278802873
9.65785785785786 0.9030313081246539
9.673673673673674 0.9057072526480792
9.68948948948949 0.9085859312866533
9.705305305305306 0.9116605340011991
9.721121121121122 0.914922607689976
9.736936936936937 0.9183622388812616
9.752752752752754 0.9219682684859914
9.768568568568568 0.9257285244644089
9.784384384384385 0.9296300588320614
9.800200200200202 0.9336593767909982
9.816016016016016 0.9378026477704875
9.831831831831833 0.9420458906160568
9.847647647647648 0.9463751278773449
9.863463463463464 0.950776506912225
9.87927927927928 0.9552363881552763
9.895095095095096 0.9597414032238814
9.910910910910912 0.9642784874180929
9.926726726726727 0.9688348925138893
9.942542542542544 0.9733981865002285
9.958358358358359 0.9779562470603447
9.974174174174175 0.9824972551820147
9.98998998998999 0.9870096943732986
10.005805805805807 0.99148235966417
10.021621621621623 0.9959043790170076
10.037437437437438 1.0002652480890324
10.053253253253255 1.0045548776276934
10.06906906906907 1.0087636512675813
10.084884884884886 1.0128824902488351
10.1007007007007 1.0169029206810452
10.116516516516517 1.0208171384917768
10.132332332332332 1.0246180671495166
10.148148148148149 1.0282994036275521
10.163963963963965 1.031855648835941
10.17977977977978 1.035282119823251
10.195595595595597 1.0385749423457598
10.211411411411412 1.0417310238124393
10.227227227227228 1.0447480080259817
10.243043043043043 1.04762421444229
10.25885885885886 1.0503585657625811
10.274674674674676 1.0529505084704809
10.290490490490491 1.0553999313716238
10.306306306306308 1.0577070872531167
10.322122122122122 1.0598725224519858
10.337937937937939 1.0618970184317449
10.353753753753754 1.0637815484676494
10.36956956956957 1.0655272513098648
10.385385385385387 1.067135422322234
10.401201201201202 1.0686075211851638
10.417017017017018 1.069945193909194
10.432832832832833 1.0711503057306857
10.44864864864865 1.072224980539919
10.464464464464465 1.0731716418931827
10.480280280280281 1.0739930504291504
10.496096096096096 1.0746923326642834
10.511911911911913 1.0752729966727095
10.52772772772773 1.0757389310264491
10.543543543543544 1.0760943845211186
10.55935935935936 1.0763439255594955
10.575175175175175 1.0764923815156358
10.590990990990992 1.0765447598532047
10.606806806806807 1.0765061541208565
10.622622622622623 1.0763816390995171
10.63843843843844 1.0761761602497173
10.654254254254255 1.0758944231397203
10.670070070070071 1.0755407886889359
10.685885885885886 1.0751191798244022
10.701701701701703 1.0746330045366195
10.717517517517518 1.0740850993765676
10.733333333333334 1.0734776962233565
10.749149149149149 1.0728124137552875
10.764964964964966 1.0720902735725109
10.780780780780782 1.0713117394493057
10.796596596596597 1.070476776839418
10.812412412412414 1.0695849286117352
10.828228228228229 1.0686354021338889
10.844044044044045 1.0676271623059614
10.85985985985986 1.0665590250087413
10.875675675675677 1.065429745677689
10.891491491491493 1.0642380983244752
10.907307307307308 1.0629829412563596
10.923123123123125 1.0616632669209962
10.93893893893894 1.0602782346438289
10.954754754754756 1.058827186428772
10.97057057057057 1.0573096473572698
10.986386386386387 1.0557253133454318
11.002202202202204 1.0540740300128264
11.018018018018019 1.0523557671048391
11.033833833833835 1.050570593240098
11.04964964964965 1.0487186556976504
11.065465465465467 1.0468001695155116
11.081281281281282 1.0448154193710564
11.097097097097098 1.042764776609049
11.112912912912913 1.040648732452338
11.12872872872873 1.0384679469684301
11.144544544544546 1.036223311878682
11.160360360360361 1.0339160238958303
11.176176176176178 1.0315476640665306
11.191991991991992 1.0291202776735233
11.207807807807809 1.026636448693886
11.223623623623624 1.0240993626686337
11.23943943943944 1.0215128521395096
11.255255255255257 1.0188814195458995
11.271071071071072 1.0162102336122643
11.286886886886888 1.0135050967296406
11.302702702702703 1.0107723825538433
11.31851851851852 1.0080189448989751
11.334334334334335 1.005252000876355
11.350150150150151 1.002478992990194
11.365965965965968 0.9997074364306306
11.381781781781783 0.9969447589926148
11.3975975975976 0.9941981418061903
11.413413413413414 0.9914743693268552
11.42922922922923 0.9887796967718866
11.445045045045045 0.9861197424018334
11.460860860860862 0.9834994107722336
11.476676676676677 0.9809228513884111
11.492492492492493 0.9783934551841729
11.50830830830831 0.9759138890347995
11.524124124124125 0.9734861662427896
11.539939939939941 0.9711117487453378
11.555755755755756 0.9687916748269939
11.571571571571573 0.9665267045093326
11.587387387387388 0.9643174736414205
11.603203203203204 0.9621646471122139
11.61901901901902 0.960069061597025
11.634834834834836 0.9580318488456648
11.650650650650652 0.9560545316919882
11.666466466466467 0.9541390866477809
11.682282282282284 0.9522879690387278
11.698098098098098 0.9505040990188495
11.713913913913915 0.9487908093140562
11.72972972972973 0.9471517580359988
11.745545545545546 0.9455908122135326
11.761361361361363 0.9441119096595697
11.777177177177178 0.9427189082934814
11.792992992992994 0.9414154329692126
11.80880880880881 0.9402047301475784
11.824624624624626 0.9390895403686973
11.84044044044044 0.9380719974407794
11.856256256256257 0.937153561620621
11.872072072072074 0.9363349919149881
11.887887887887889 0.9356163601105763
11.903703703703705 0.9349971063998967
11.91951951951952 0.934476133684618
11.935335335335337 0.9340519349860346
11.951151151151151 0.9337227460486788
11.966966966966968 0.9334867133453025
11.982782782782785 0.9333420664104567
11.9985985985986 0.9332872828408719
12.014414414414416 0.9333212344566786
12.03023023023023 0.9334433040245416
12.046046046046047 0.9336534635606791
12.061861861861862 0.9339523074711001
12.077677677677679 0.9343410365195802
12.093493493493494 0.9348213916782744
12.10930930930931 0.9353955401245311
12.125125125125127 0.9360659188005209
12.140940940940942 0.9368350438491663
12.156756756756758 0.9377052966919366
12.172572572572573 0.938678699356673
12.18838838838839 0.9397566927667983
12.204204204204204 0.9409399319805386
12.220020020020021 0.9422281117833333
12.235835835835838 0.9436198346044475
12.251651651651652 0.9451125305188114
12.267467467467469 0.9467024362256862
12.283283283283284 0.948384636528358
12.2990990990991 0.9501531681691185
12.314914914914915 0.9520011821190854
12.330730730730732 0.9539211568103105
12.346546546546548 0.9559051515510156
12.362362362362363 0.9579450866886361
12.37817817817818 0.9600330351535983
12.393993993993995 0.9621615089613612
12.409809809809811 0.9643237241524156
12.425625625625626 0.966513828534262
12.441441441441443 0.9687270784216667
12.457257257257258 0.970959953259613
12.473073073073074 0.9732102004123063
12.48888888888889 0.9754768063210661
12.504704704704706 0.9777598944495498
12.520520520520522 0.9800605547007392
12.536336336336337 0.9823806130540342
12.552152152152154 0.9847223537885477
12.567967967967968 0.9870882096091885
12.583783783783785 0.9894804370910801
12.599599599599602 0.9919007959689792
12.615415415415416 0.9943502508424253
12.631231231231233 0.9968287128273258
12.647047047047048 0.9993348366076948
12.662862862862864 1.0018658853364553
12.67867867867868 1.0044176720668176
12.694494494494496 1.006984582078133
12.71031031031031 1.0095596758393048
12.726126126126127 1.0121348676965676
12.741941941941944 1.0147011709530993
12.757757757757759 1.0172489960868625
12.773573573573575 1.0197684856645681
12.78938938938939 1.022249867247253
12.805205205205207 1.0246838043873823
12.821021021021021 1.0270617257678276
12.836836836836838 1.0293761136422186
12.852652652652655 1.031620734948634
12.86846846846847 1.0337908016640485
12.884284284284286 1.0358830509663752
12.9001001001001 1.0378957403471174
12.915915915915917 1.0398285577079769
12.931731731731732 1.0416824513965932
12.947547547547549 1.0434593898037499
12.963363363363365 1.0451620642837929
12.97917917917918 1.0467935525280483
12.994994994994997 1.0483569619176458
13.010810810810812 1.0498550736631291
13.026626626626628 1.051290008623545
13.042442442442443 1.05266293457674
13.05825825825826 1.0539738324448393
13.074074074074074 1.0552213356907858
13.089889889889891 1.0564026529795627
13.105705705705708 1.0575135794765165
13.121521521521522 1.05854859710569
13.137337337337339 1.0595010590035892
13.153153153153154 1.0603634485715168
13.16896896896897 1.061127699231378
13.184784784784785 1.0617855574740434
13.200600600600602 1.0623289692592814
13.216416416416418 1.0627504684283897
13.232232232232233 1.0630435456060157
13.24804804804805 1.0632029771072384
13.263863863863865 1.063225095570013
13.279679679679681 1.063107987274704
13.295495495495496 1.0628516052050194
13.311311311311313 1.0624577916128681
13.327127127127127 1.0619302089031022
13.342942942942944 1.061274182763176
13.35875875875876 1.0604964663354417
13.374574574574575 1.0596049385886745
13.390390390390392 1.0586082536436279
13.406206206206207 1.0575154604428951
13.422022022022023 1.0563356136823592
13.437837837837838 1.0550773972587717
13.453653653653655 1.0537487806231696
13.469469469469471 1.0523567264197446
13.485285285285286 1.0509069647568483
13.501101101101103 1.0494038455814276
13.516916916916918 1.0478502761380226
13.532732732732734 1.046247745649755
13.548548548548549 1.0445964344411214
13.564364364364366 1.0428954000123325
13.580180180180182 1.0411428283395172
13.595995995995997 1.039336335151576
13.611811811811814 1.037473299316838
13.627627627627628 1.035551208900698
13.643443443443445 1.0335680000071497
13.65925925925926 1.031522369204916
13.675075075075076 1.0294140421092801
13.690890890890891 1.0272439834284852
13.706706706706708 1.0250145373187678
13.722522522522524 1.0227294910109261
13.73833833833834 1.0203940591288327
13.754154154154156 1.0180147906552064
13.76996996996997 1.0155994048500199
13.785785785785787 1.0131565663442414
13.801601601601602 1.0106956128970268
13.817417417417419 1.0082262517398197
13.833233233233235 1.0057582419089957
13.84904904904905 1.003301080420101
13.864864864864867 1.0008637095528876
13.880680680680682 0.9984542609490796
13.896496496496498 0.9960798497826286
13.912312312312313 0.9937464291028861
13.92812812812813 0.9914587107716709
13.943943943943946 0.9892201554397134
13.959759759759761 0.9870330299738549
13.975575575575578 0.9848985268903249
13.991391391391392 0.9828169368932482
14.007207207207209 0.9807878627554631
14.023023023023024 0.9788104606663826
14.03883883883884 0.9768836939174056
14.054654654654655 0.9750065834550375
14.070470470470472 0.973178440406029
14.086286286286288 0.9713990671141106
14.102102102102103 0.9696689154209742
14.11791791791792 0.9679891937289914
14.133733733733735 0.9663619176205015
14.149549549549551 0.9647899022771663
14.165365365365366 0.9632766984323388
14.181181181181183 0.9618264768923783
14.196996996997 0.9604438695878953
14.212812812812814 0.9591337774983035
14.22862862862863 0.9579011575043433
14.244444444444445 0.9567508011779804
14.260260260260262 0.9556871186791841
14.276076076076077 0.9547139403050258
14.291891891891893 0.9538343468855509
14.307707707707708 0.9530505382426001
14.323523523523525 0.9523637464570183
14.339339339339341 0.951774197887711
14.355155155155156 0.951281124929805
14.370970970970973 0.9508828255705296
14.386786786786788 0.9505767660756717
14.402602602602604 0.9503597197748018
14.418418418418419 0.9502279330419714
14.434234234234236 0.9501773082884346
14.450050050050052 0.9502035931545743
14.465865865865867 0.950302565127363
14.481681681681684 0.9504702014936142
14.497497497497498 0.9507028258051791
14.513313313313315 0.9509972237832504
14.52912912912913 0.9513507237010543
14.544944944944946 0.9517612386147775
14.560760760760763 0.9522272702097098
14.576576576576578 0.9527478763409829
14.592392392392394 0.9533226064347149
14.60820820820821 0.9539514106533693
14.624024024024026 0.9546345300221827
14.63983983983984 0.95537237549652
14.655655655655657 0.9561654041925798
14.671471471471472 0.9570140007112042
14.687287287287289 0.9579183706963057
14.703103103103105 0.9588784525559327
14.71891891891892 0.9598938517311637
14.734734734734737 0.960963800140036
14.750550550550551 0.9620871415754287
14.766366366366368 0.9632623420239516
14.782182182182183 0.9644875222178467
14.797997997998 0.9657605083398477
14.813813813813816 0.9670788957571085
14.82962962962963 0.9684401200238972
14.845445445445447 0.9698415291935149
14.861261261261262 0.9712804517168777
14.877077077077079 0.9727542548475393
14.892892892892894 0.9742603894624855
14.90870870870871 0.9757964184641523
14.924524524524527 0.9773600273543336
14.940340340340342 0.978949017057963
14.956156156156158 0.9805612805149568
14.971971971971973 0.9821947658476862
14.98778778778779 0.9838474299590453
15.003603603603604 0.9855171871489719
15.019419419419421 0.9872018577066684
15.035235235235236 0.9888991214191887
15.051051051051052 0.99060648053995
15.066866866866869 0.992321236015645
15.082682682682684 0.9940404797342933
15.0984984984985 0.9957611043084496
15.114314314314315 0.997479830538515
15.130130130130132 0.9991932513125797
15.145945945945947 1.0008978893933127
15.161761761761763 1.0025902654152632
15.17757757757758 1.0042669715508652
15.193393393393395 1.0059247457652987
15.209209209209211 1.0075605414107962
15.225025025025026 1.0091715871256128
15.240840840840843 1.0107554325900243
15.256656656656657 1.0123099766131527
15.272472472472474 1.0138334752179778
15.288288288288289 1.0153245287754937
15.304104104104105 1.0167820487164374
15.319919919919922 1.0182052058164275
15.335735735735737 1.0195933634033567
15.351551551551553 1.0209459999768573
15.367367367367368 1.0222626265744945
15.383183183183185 1.0235427047035088
15.398998998999 1.024785570739975
15.414814814814816 1.0259903723660464
15.430630630630633 1.0271560218857971
15.446446446446448 1.0282811701742225
15.462262262262264 1.0293642036405743
15.47807807807808 1.0304032650157327
15.493893893893896 1.031396297108277
15.50970970970971 1.0323411070281847
15.525525525525527 1.0332354468642937
15.541341341341344 1.0340771055287519
15.557157157157159 1.0348640055412517
15.572972972972975 1.0355942979900872
15.58878878878879 1.036266448822233
15.604604604604607 1.0368793099976654
15.620420420420421 1.0374321698799556
15.636236236236238 1.037924778481021
15.652052052052053 1.0383573447597865
15.66786786786787 1.0387305049954185
15.683683683683686 1.0390452632006706
15.6994994994995 1.0393029064838197
15.715315315315317 1.0395049000799674
15.731131131131132 1.0396527683309253
15.746946946946949 1.039747969088003
15.762762762762764 1.0397917697552688
15.77857857857858 1.0397851334210253
15.794394394394397 1.039728623212703
15.810210210210212 1.0396223321598557
15.826026026026028 1.039465844500652
15.841841841841843 1.0392582325913637
15.85765765765766 1.0389980914767685
15.873473473473474 1.0386836108761357
15.889289289289291 1.0383126819741892
15.905105105105108 1.0378830341258574
15.920920920920922 1.0373923945325922
15.936736736736739 1.0368386622601995
15.952552552552554 1.0362200867575992
15.96836836836837 1.035535440389608
15.984184184184185 1.034784174468674
16.0 1.0339665488774348
