0.000000000000000000e+00
0.000000000000000000e+00
3.200000000000000000e+01
1.050000000000000000e+02
4.490000000000000000e+02
1.060000000000000000e+02
3.900000000000000000e+01
1.900000000000000000e+01
2.000000000000000000e+01
6.000000000000000000e+01
7.400000000000000000e+01
6.600000000000000000e+01
8.500000000000000000e+01
9.600000000000000000e+01
9.100000000000000000e+01
8.800000000000000000e+01
8.100000000000000000e+01
4.700000000000000000e+01
5.100000000000000000e+01
4.700000000000000000e+01
3.700000000000000000e+01
6.600000000000000000e+01
2.200000000000000000e+01
3.300000000000000000e+01
2.300000000000000000e+01
0.000000000000000000e+00
4.000000000000000000e+00
6.000000000000000000e+00
3.000000000000000000e+00
0.000000000000000000e+00
0.000000000000000000e+00
0.000000000000000000e+00
0.000000000000000000e+00
0.000000000000000000e+00
0.000000000000000000e+00
0.000000000000000000e+00
0.000000000000000000e+00
0.000000000000000000e+00
0.000000000000000000e+00
0.000000000000000000e+00
0.000000000000000000e+00
0.000000000000000000e+00
0.000000000000000000e+00
0.000000000000000000e+00
0.000000000000000000e+00
0.000000000000000000e+00
0.000000000000000000e+00
0.000000000000000000e+00
0.000000000000000000e+00
0.000000000000000000e+00
0.000000000000000000e+00
0.000000000000000000e+00
0.000000000000000000e+00
0.000000000000000000e+00
0.000000000000000000e+00
0.000000000000000000e+00
0.000000000000000000e+00
0.000000000000000000e+00
0.000000000000000000e+00
0.000000000000000000e+00
