0.2 0.047916868115819855
0.21581581581581583 0.05767745045295569
0.23163163163163164 0.06529013397055528
0.24744744744744746 0.07062832630126592
0.26326326326326327 0.07366787779628214
0.2790790790790791 0.07448490384888318
0.29489489489489495 0.0732490398371598
0.31071071071071077 0.07021252266591238
0.3265265265265266 0.06569568951747495
0.3423423423423424 0.060069650937316754
0.3581581581581582 0.05373702381518952
0.373973973973974 0.047111694102107915
0.38978978978978984 0.040598615338836685
0.40560560560560566 0.034574635743104376
0.42142142142142147 0.029371284626785954
0.4372372372372373 0.025260341589852908
0.4530530530530531 0.022442864776687
0.4688688688688689 0.021042174928479818
0.48468468468468473 0.02110108903049801
0.5005005005005005 0.022583481156273177
0.5163163163163164 0.025380029385457248
0.5321321321321322 0.02931779723364991
0.547947947947948 0.0341731062466879
0.5637637637637638 0.03968699268653486
0.5795795795795797 0.04558241356220338
0.5953953953953954 0.051582281823579046
0.6112112112112114 0.057427371423289575
0.6270270270270271 0.06289314195139717
0.642842842842843 0.06780458907474729
0.6586586586586587 0.07204832814543072
0.6744744744744746 0.07558125897413936
0.6902902902902903 0.07843533286143656
0.7061061061061062 0.08071813993645482
0.721921921921922 0.0826092459157296
0.7377377377377379 0.08435242214863259
0.7535535535535536 0.08624412069300325
0.7693693693693695 0.08861873696453026
0.7851851851851852 0.09183136688947535
0.8010010010010011 0.0962388954421749
0.8168168168168168 0.10218034264838105
0.8326326326326328 0.10995743726805274
0.8484484484484485 0.11981638532618832
0.8642642642642644 0.1319317506244686
0.8800800800800801 0.14639326980391298
0.895895895895896 0.16319629005034364
0.9117117117117117 0.18223634966353197
0.9275275275275277 0.2033082285575264
0.9433433433433434 0.2261095866197086
0.9591591591591593 0.25024909275584395
0.9749749749749752 0.27525873665622946
0.9907907907907909 0.3006098188490005
1.0066066066066068 0.3257319417417228
1.0224224224224225 0.35003418319816737
1.0382382382382385 0.372927531305038
1.0540540540540542 0.3938475990473711
1.06986986986987 0.41227662325793624
1.0856856856856858 0.4277637838855778
1.1015015015015017 0.4399429556114497
1.1173173173173174 0.4485471203245315
1.1331331331331334 0.4534188202659917
1.148948948948949 0.4545162104945901
1.164764764764765 0.4519144672138281
1.1805805805805807 0.4458025161257624
1.1963963963963966 0.4364752526640553
1.2122122122122123 0.42432162413685104
1.2280280280280282 0.4098091234550345
1.243843843843844 0.3934653971779212
1.2596596596596599 0.37585779035528166
1.2754754754754756 0.3575717319926123
1.2912912912912915 0.3391889046740053
1.3071071071071072 0.3212661386741831
1.3229229229229231 0.3043159255096737
1.3387387387387388 0.28878936098499997
1.3545545545545548 0.2750622078275402
1.3703703703703705 0.26342461895910096
1.3861861861861864 0.2540748915417562
1.402002002002002 0.24711743725411583
1.417817817817818 0.2425649643781863
1.4336336336336337 0.24034468085787086
1.4494494494494496 0.24030815285193674
1.4652652652652653 0.24224429806558623
1.4810810810810813 0.2458948638822731
1.496896896896897 0.25097164228613844
1.512712712712713 0.257174610487898
1.5285285285285286 0.26421016009913967
1.5443443443443445 0.27180858897878246
1.5601601601601602 0.27974007714811
1.5759759759759762 0.287828448502201
1.5917917917917919 0.29596212909632047
1.6076076076076078 0.3041018450506523
1.6234234234234235 0.3122847522098512
1.6392392392392394 0.32062484866653074
1.6550550550550551 0.32930968293144347
1.670870870870871 0.3385935278324993
1.6866866866866868 0.34878733649430727
1.7025025025025027 0.3602459260397215
1.7183183183183186 0.37335294196317537
1.7341341341341343 0.3885042375884693
1.7499499499499502 0.4060903560443425
1.765765765765766 0.42647882550564475
1.7815815815815819 0.44999697212646395
1.7973973973973976 0.47691592047815645
1.8132132132132135 0.507436390901594
1.8290290290290292 0.5416768204839143
1.8448448448448451 0.5796642336619031
1.8606606606606608 0.6213281745856539
1.8764764764764768 0.6664978915164623
1.8922922922922925 0.7149028389267182
1.9081081081081084 0.7661764407031042
1.923923923923924 0.8198629426413764
1.93973973973974 0.875427078419117
1.9555555555555557 0.9322661838962475
1.9713713713713716 0.9897243225676945
1.9871871871871873 1.0471079320542058
2.0030030030030033 1.1037024685554453
2.018818818818819 1.158789513231691
2.034634634634635 1.2116638107560322
2.050450450450451 1.2616497343130137
2.0662662662662665 1.3081167110537695
2.0820820820820822 1.3504931949455354
2.0978978978978984 1.3882788372673713
2.113713713713714 1.421054575739977
2.12952952952953 1.448490438455594
2.1453453453453455 1.4703509355234208
2.1611611611611616 1.486497987013434
2.1769769769769773 1.4968914080162306
2.192792792792793 1.5015870384515289
2.208608608608609 1.5007326650662547
2.224424424424425 1.494561934689807
2.2402402402402406 1.4833865004868476
2.2560560560560567 1.4675866762693466
2.2718718718718725 1.447600897834813
2.287687687687688 1.4239143050028047
2.303503503503504 1.3970467639673234
2.31931931931932 1.3675406473759462
2.3351351351351357 1.3359486799085065
2.3509509509509514 1.302822140846222
2.366766766766767 1.2686996930130041
2.3825825825825833 1.2340970803524414
2.398398398398399 1.1994979050805137
2.4142142142142147 1.165345660608296
2.4300300300300304 1.1320371590253173
2.4458458458458465 1.0999174526272288
2.4616616616616622 1.0692763085179042
2.477477477477478 1.040346254487828
2.4932932932932936 1.0133021739651493
2.50910910910911 0.9882623886818362
2.5249249249249255 0.9652911306538867
2.540740740740741 0.9444022710207713
2.556556556556557 0.9255641431064406
2.572372372372373 0.9087052716081538
2.5881881881881887 0.8937207998861775
2.6040040040040044 0.8804793936131133
2.61981981981982 0.8688303920997287
2.6356356356356363 0.8586109788129503
2.651451451451452 0.8496531500858724
2.6672672672672677 0.8417902756787483
2.6830830830830834 0.8348630662976437
2.6988988988988996 0.8287247907432193
2.7147147147147153 0.8232456180987109
2.730530530530531 0.8183159970722266
2.746346346346347 0.8138490238678835
2.762162162162163 0.8097817901960074
2.7779779779779785 0.8060757425735801
2.7937937937937942 0.8027161212238593
2.8096096096096104 0.7997105800350812
2.825425425425426 0.7970871167076643
2.8412412412412418 0.7948914631616812
2.8570570570570575 0.7931840995469296
2.8728728728728736 0.7920370602121436
2.8886886886886893 0.791530696565309
2.904504504504505 0.7917505501351833
2.9203203203203207 0.7927844699900723
2.936136136136137 0.7947200830485838
2.9519519519519526 0.7976426951468265
2.9677677677677683 0.8016336667117412
2.983583583583584 0.8067692714359063
2.9993993993994 0.8131200114619938
3.015215215215216 0.8207503302658313
3.0310310310310316 0.8297186365605751
3.0468468468468473 0.8400775307927802
3.0626626626626634 0.8518741115063683
3.078478478478479 0.8651502329531111
3.094294294294295 0.8799425883059415
3.1101101101101105 0.8962825046618079
3.1259259259259267 0.9141953561719619
3.1417417417417424 0.9336995290861505
3.157557557557558 0.9548049057750756
3.1733733733733738 0.977510872061983
3.18918918918919 1.0018038913312124
3.2050050050050056 1.0276547276056165
3.2208208208208213 1.055015435771967
3.2366366366366375 1.083816268148187
3.252452452452453 1.1139626706085815
3.268268268268269 1.1453325568266806
3.2840840840840846 1.1777740546085973
3.2998998998999007 1.2111039130367685
3.3157157157157164 1.2451067430561875
3.331531531531532 1.2795352376349387
3.347347347347348 1.3141114817209876
3.363163163163164 1.3485294184403087
3.3789789789789797 1.3824584883471924
3.3947947947947954 1.4155484054245049
3.410610610610611 1.4474349795660229
3.4264264264264273 1.4777468431931862
3.442242242242243 1.5061128921703717
3.4580580580580587 1.5321702108148259
3.4738738738738744 1.5555722197635817
3.4896896896896905 1.575996765537293
3.505505505505506 1.5931538630698026
3.521321321321322 1.6067928078824407
3.5371371371371376 1.6167083929525339
3.5529529529529538 1.6227459959780326
3.5687687687687695 1.6248053443671409
3.584584584584585 1.6228428160091335
3.600400400400401 1.616872191362154
3.616216216216217 1.6069638339223156
3.6320320320320327 1.5932423387954953
3.6478478478478484 1.5758827498918357
3.663663663663664 1.5551055023040004
3.6794794794794803 1.5311702950527168
3.695295295295296 1.5043691383023492
3.7111111111111117 1.475018846574701
3.7269269269269274 1.4434532642169502
3.7427427427427435 1.4100155108525099
3.7585585585585592 1.3750505228783134
3.774374374374375 1.3388981430488793
3.790190190190191 1.3018869752062074
3.806006006006007 1.2643291772160083
3.8218218218218225 1.2265163145313993
3.837637637637638 1.18871634220795
3.8534534534534544 1.1511717274835838
3.86926926926927 1.1140986710684104
3.8850850850850858 1.0776873357762067
3.9009009009009015 1.0421029485001156
3.9167167167167176 1.0074876078087538
3.9325325325325333 0.9739626061209444
3.948348348348349 0.941631063426161
3.9641641641641647 0.9105806691437153
3.979979979979981 0.8808863396118691
3.9957957957957966 0.8526126199169408
4.011611611611612 0.8258156888147348
4.027427427427428 0.8005448624097699
4.043243243243244 0.7768435337482724
4.059059059059059 0.754749529046474
4.074874874874875 0.7342949043471448
4.090690690690691 0.7155052464824925
4.106506506506507 0.6983985770439454
4.122322322322323 0.6829839856822582
4.138138138138139 0.6692601379922996
4.1539539539539545 0.6572138125057807
4.16976976976977 0.6468186205222081
4.185585585585586 0.6380340518399263
4.2014014014014025 0.6308049696597726
4.217217217217218 0.6250616502973265
4.233033033033034 0.6207204295705616
4.24884884884885 0.6176849798812212
4.264664664664665 0.615848202352209
4.280480480480481 0.6150946792785038
4.296296296296297 0.6153035959061882
4.312112112112113 0.6163520093044748
4.327927927927929 0.6181183176712544
4.343743743743745 0.6204857672448294
4.35955955955956 0.6233458270347954
4.375375375375376 0.6266012642552383
4.391191191191192 0.6301687655149185
4.4070070070070075 0.6339809698240345
4.422822822822823 0.6379878081495394
4.43863863863864 0.6421570789957568
4.4544544544544555 0.6464742283726572
4.470270270270271 0.6509413433831888
4.486086086086087 0.6555754092527915
4.501901901901903 0.6604059177018364
4.517717717717718 0.6654719480371294
4.533533533533534 0.6708188693878445
4.54934934934935 0.6764948316741632
4.565165165165166 0.6825472231554317
4.580980980980982 0.6890192732359663
4.596796796796798 0.6959469706079255
4.6126126126126135 0.7033564492947635
4.628428428428429 0.7112619697214189
4.644244244244245 0.7196645899974389
4.660060060060061 0.7285515859167814
4.675875875875876 0.7378966387536825
4.691691691691693 0.7476607698967868
4.707507507507509 0.7577939628526835
4.723323323323324 0.7682373781969483
4.73913913913914 0.7789260374704436
4.754954954954956 0.7897918293124669
4.770770770770771 0.8007666764005277
4.786586586586587 0.8117856956933932
4.802402402402404 0.8227901872382269
4.818218218218219 0.8337302981144606
4.834034034034035 0.8445672272021407
4.849849849849851 0.8552748622300822
4.8656656656656665 0.8658407714922037
4.881481481481482 0.8762665069826137
4.897297297297298 0.8865672116056059
4.913113113113114 0.8967705586360208
4.92892892892893 0.906915084871309
4.944744744744746 0.9170480082249612
4.960560560560562 0.9272226444103148
4.976376376376377 0.9374955547288744
4.992192192192193 0.9479235670633556
5.008008008008009 0.9585608146495816
5.023823823823824 0.969455932150211
5.03963963963964 0.9806495364684557
5.055455455455457 0.9921721014798428
5.071271271271272 1.004042312592654
5.087087087087088 1.016265960177604
5.102902902902904 1.0288354019914687
5.1187187187187195 1.041729595376265
5.134534534534535 1.0549146718334432
5.150350350350351 1.0683450010220992
5.166166166166167 1.0819646695859964
5.181981981981983 1.0957092834896327
5.197797797797799 1.109507991442539
5.213613613613615 1.12328562187834
5.22942942942943 1.1369648268475059
5.245245245245246 1.150468132759705
5.261061061061062 1.1637198095453958
5.2768768768768775 1.1766474856083642
5.292692692692694 1.189183454822519
5.30850850850851 1.201265642568
5.3243243243243255 1.2128382191288836
5.340140140140141 1.223851869433328
5.355955955955957 1.2342637469457967
5.371771771771773 1.244037155516114
5.387587587587588 1.2531410153581475
5.403403403403404 1.2615491775276737
5.419219219219221 1.2692396550223384
5.435035035035036 1.276193837942325
5.450850850850852 1.2823957553011198
5.466666666666668 1.2878314375746847
5.482482482482483 1.2924884226377726
5.498298298298299 1.2963554342206653
5.514114114114115 1.2994222473820491
5.5299299299299305 1.3016797407169594
5.545745745745747 1.3031201210532606
5.561561561561563 1.3037372940964231
5.5773773773773785 1.3035273445806355
5.593193193193194 1.3024890825145432
5.60900900900901 1.3006246084044375
5.624824824824826 1.2979398500073924
5.640640640640641 1.29444502610161
5.656456456456457 1.2901549986444731
5.672272272272274 1.285089483024195
5.688088088088089 1.2792730962599428
5.703903903903905 1.2727352342324065
5.719719719719721 1.2655097805497924
5.735535535535536 1.2576346606959916
5.751351351351352 1.2491512649462537
5.767167167167168 1.2401037715493644
5.782982982982984 1.2305384073804557
5.7987987987988 1.2205026863471615
5.814614614614616 1.210044666148153
5.8304304304304315 1.199212261587956
5.846246246246247 1.1880526477746651
5.862062062062063 1.1766117795565838
5.877877877877879 1.1649340450087924
5.893693693693694 1.1530620612732088
5.909509509509511 1.1410366112485995
5.925325325325327 1.128896710188817
5.941141141141142 1.1166797828283215
5.956956956956958 1.1044219247642597
5.972772772772774 1.0921582169196493
5.9885885885885894 1.0799230592864943
6.004404404404405 1.067750489935798
6.020220220220221 1.0556744574527488
6.0360360360360374 1.0437290193181243
6.051851851851853 1.0319484449734986
6.067667667667669 1.0203672099190277
6.0834834834834846 1.0090198756503073
6.0992992992993 0.9979408589455384
6.115115115115116 0.9871641023563956
6.130930930930932 0.9767226651566413
6.146746746746747 0.9666482599526569
6.162562562562564 0.956970764254189
6.17837837837838 0.947717738266786
6.194194194194195 0.9389139798730779
6.210010010010011 0.9305811452482188
6.225825825825827 0.9227374589893509
6.2416416416416425 0.9153975313552626
6.257457457457458 0.9085722926550047
6.273273273273275 0.9022690465269126
6.2890890890890905 0.8964916353992917
6.304904904904906 0.891240703421615
6.320720720720722 0.8865140351741789
6.336536536536538 0.8823069430124776
6.352352352352353 0.878612672387127
6.368168168168169 0.8754227931788959
6.383983983983985 0.8727275461301791
6.399799799799801 0.8705161168086034
6.415615615615617 0.8687768150156606
6.431431431431433 0.8674971448149433
6.447247247247248 0.8666637589340751
6.463063063063064 0.8662623006259593
6.47887887887888 0.8662771455293515
6.4946946946946955 0.8666910649939379
6.510510510510511 0.8674848400985677
6.526326326326328 0.8686368616219131
6.5421421421421435 0.870122755051278
6.557957957957959 0.8719150709987116
6.573773773773775 0.8739830799522522
6.589589589589591 0.8762927061145802
6.605405405405406 0.8788066283386824
6.621221221221222 0.8814845671974523
6.637037037037038 0.8842837665109426
6.652852852852854 0.8871596658159007
6.66866866866867 0.8900667480012769
6.684484484484486 0.8929595344022784
6.700300300300301 0.8957936887978998
6.716116116116117 0.8985271827020305
6.731931931931933 0.9011214676964008
6.7477477477477485 0.9035425968161053
6.763563563563564 0.9057622364946947
6.779379379379381 0.9077585134500282
6.7951951951951965 0.909516647090171
6.811011011011012 0.9110293272873933
6.826826826826828 0.9122968092660344
6.842642642642644 0.9133267112688226
6.858458458458459 0.9141335158646051
6.874274274274275 0.914737791404134
6.890090090090092 0.9151651653396309
6.905905905905907 0.9154450950233036
6.921721721721723 0.9156094933705716
6.937537537537539 0.9156912757005777
6.9533533533533545 0.9157228995821008
6.96916916916917 0.9157349712323034
6.984984984984986 0.915754989761499
7.000800800800802 0.9158062943730669
7.016616616616618 0.9159072697794335
7.032432432432434 0.9160708520585129
7.04824824824825 0.9163043616121619
7.064064064064065 0.9166096726124081
7.079879879879881 0.9169837102534028
7.095695695695697 0.9174192492453546
7.111511511511512 0.9179059702724652
7.127327327327328 0.9184317165198714
7.143143143143145 0.9189838806807187
7.15895895895896 0.9195508447589402
7.174774774774776 0.9201233909716914
7.190590590590592 0.9206960023952554
7.2064064064064075 0.9212679767225035
7.222222222222223 0.9218442854033632
7.238038038038039 0.9224361230882142
7.253853853853855 0.9230611080473166
7.269669669669671 0.9237431122841702
7.285485485485487 0.9245117194547537
7.301301301301303 0.9254013284267888
7.317117117117118 0.9264499393188177
7.332932932932934 0.927697676136024
7.34874874874875 0.9291851147440136
7.364564564564565 0.9309514961063284
7.380380380380382 0.9330329118495587
7.396196196196198 0.9354605519175284
7.412012012012013 0.9382591021732002
7.427827827827829 0.94144537338604
7.443643643643645 0.9450272324238734
7.4594594594594605 0.9490028921922685
7.475275275275276 0.9533605996628982
7.491091091091092 0.9580787420885527
7.5069069069069085 0.963126371204315
7.522722722722724 0.9684641249014241
7.53853853853854 0.9740455065688207
7.554354354354356 0.9798184650056289
7.570170170170171 0.9857272033854796
7.585985985985987 0.9917141349164107
7.601801801801803 0.9977218961140897
7.6176176176176185 1.00369532630154
7.633433433433435 1.009583324145921
7.649249249249251 1.0153404985911574
7.6650650650650665 1.0209285420723082
7.680880880880882 1.0263172678324106
7.696696696696698 1.031485269767468
7.712512512512514 1.036420181636338
7.728328328328329 1.0411185317462117
7.744144144144145 1.0455852083883672
7.759959959959962 1.0498325694016382
7.775775775775777 1.0538792454013495
7.791591591591593 1.0577486996627274
7.807407407407409 1.0614676177751259
7.823223223223224 1.065064206552631
7.83903903903904 1.068566484062693
7.854854854854856 1.0720006409895027
7.870670670670672 1.0753895480588658
7.886486486486488 1.0787514752824081
7.902302302302304 1.082099076863929
7.9181181181181195 1.0854386814174708
7.933933933933935 1.0887699114405087
7.949749749749751 1.092085639587082
7.965565565565567 1.095372273026931
7.981381381381382 1.0986103418583937
7.997197197197199 1.10177535389382
8.013013013013014 1.1048388667783198
8.02882882882883 1.1077697198216534
8.044644644644645 1.1105353624484042
8.060460460460462 1.1131032139642931
8.076276276276277 1.115441990386574
8.092092092092093 1.1175229382193725
8.107907907907908 1.1193209219461249
8.123723723723725 1.1208153212089615
8.139539539539541 1.1219907045972906
8.155355355355356 1.122837259056039
8.171171171171173 1.1233509664963788
8.186986986986987 1.1235335315989938
8.202802802802804 1.1233920764286298
8.218618618618619 1.1229386277816453
8.234434434434435 1.1221894317102388
8.25025025025025 1.1211641360642925
8.266066066066067 1.1198848859453012
8.281881881881882 1.1183753785881494
8.297697697697698 1.1166599234163268
8.313513513513515 1.1147625500165381
8.32932932932933 1.1127062018186273
8.345145145145146 1.1105120467033804
8.360960960960961 1.1081989280160867
8.376776776776778 1.1057829709994489
8.392592592592592 1.1032773509506757
8.408408408408409 1.1006922209172085
8.424224224224226 1.0980347889003874
8.44004004004004 1.0953095277064893
8.455855855855857 1.0925184950666988
8.471671671671672 1.089661737653195
8.487487487487488 1.086737750267126
8.503303303303303 1.0837439607920638
8.51911911911912 1.0806772124298747
8.534934934934935 1.0775342171198763
8.550750750750751 1.0743119576721334
8.566566566566568 1.0710080207534032
8.582382382382383 1.067620848144133
8.5981981981982 1.0641498993132774
8.614014014014014 1.0605957240104085
8.62982982982983 1.0569599489445676
8.645645645645645 1.0532451874319064
8.661461461461462 1.0494548849197771
8.677277277277279 1.0455931163588923
8.693093093093093 1.0416643533835397
8.70890890890891 1.0376732201223249
8.724724724724725 1.0336242562106537
8.740540540540541 1.0295217042816256
8.756356356356356 1.0253693369960613
8.772172172172173 1.021170335698815
8.787987987987988 1.01692722925241
8.803803803803804 1.0126418977145908
8.81961961961962 1.0083156415152632
8.835435435435436 1.0039493128673214
8.851251251251252 0.9995435025169335
8.867067067067067 0.9950987717790902
8.882882882882884 0.9906159172587837
8.898698698698698 0.9860962538349629
8.914514514514515 0.9815419004504599
8.930330330330332 0.9769560530321373
8.946146146146146 0.9723432294464589
8.961961961961963 0.9677094727240477
8.977777777777778 0.9630625007767317
8.993593593593594 0.9584117933688752
9.00940940940941 0.9537686100574387
9.025225225225226 0.9491459360341938
9.041041041041042 0.9445583561344917
9.056856856856857 0.940021860565742
9.072672672672674 0.9355535890083002
9.088488488488489 0.9311715225174086
9.104304304304305 0.9268941349906838
9.12012012012012 0.922740017766669
9.135935935935937 0.9187274921160353
9.151751751751751 0.9148742249347458
9.167567567567568 0.9111968628316993
9.183383383383385 0.9077106990333039
9.1991991991992 0.9044293861412873
9.215015015015016 0.9013647058394454
9.230830830830831 0.8985264042330003
9.246646646646647 0.8959220987221534
9.262462462462462 0.8935572592751256
9.278278278278279 0.8914352638013959
9.294094094094095 0.8895575241645709
9.30990990990991 0.887923676348587
9.325725725725727 0.8865318255289012
9.341541541541542 0.885378834420962
9.357357357357358 0.8844606413867924
9.373173173173173 0.8837725934639716
9.38898898898899 0.8833097788045245
9.404804804804806 0.8830673430137101
9.420620620620621 0.8830407745720749
9.436436436436438 0.8832261458907751
9.452252252252253 0.8836202985427712
9.468068068068069 0.8842209637550384
9.483883883883884 0.885026812236758
9.4996996996997 0.8860374307297482
9.515515515515515 0.8872532261558229
9.531331331331332 0.8886752617443086
9.547147147147149 0.8903050328884687
9.562962962962963 0.892144193540344
9.57877877877878 0.894194246556669
9.594594594594595 0.8964562134180116
9.610410410410411 0.8989303000469118
9.626226226226226 0.9016155759668549
9.642042042042043 0.9045096837264358
9.65785785785786 0.9076085943554717
9.673673673673674 0.9109064226571015
9.68948948948949 0.9143953134482027
9.705305305305306 0.9180654065551176
9.721121121121122 0.9219048846027538
9.736936936936937 0.9259001035808573
9.752752752752754 0.930035802030266
9.768568568568568 0.9342953806731927
9.784384384384385 0.9386612406242626
9.800200200200202 0.9431151651611943
9.816016016016016 0.9476387275821411
9.831831831831833 0.9522137060752128
9.847647647647648 0.9568224858785663
9.863463463463464 0.9614484293731342
9.87927927927928 0.9660761961289832
9.895095095095096 0.9706919972711922
9.910910910910912 0.9752837717397517
9.926726726726727 0.9798412759394127
9.942542542542544 0.98435608271647
9.958358358358359 0.9888214903343716
9.974174174174175 0.9932323469015273
9.98998998998999 0.9975848002769758
10.005805805805807 1.0018759875923302
10.021621621621623 1.0061036819502231
10.037437437437438 1.010265916391475
10.053253253253255 1.014360606710357
10.06906906906907 1.018385195038415
10.084884884884886 1.0223363352715216
10.1007007007007 1.0262096394054174
10.116516516516517 1.029999500759649
10.132332332332332 1.0336990060568176
10.148148148148149 1.0372999435858203
10.163963963963965 1.0407929094602983
10.17977977977978 1.044167508564024
10.195595595595597 1.0474126414467344
10.211411411411412 1.0505168634906321
10.227227227227228 1.0534687983869706
10.243043043043043 1.0562575845894775
10.25885885885886 1.0588733311466323
10.274674674674676 1.0613075582996245
10.290490490490491 1.063553598542145
10.306306306306308 1.065606935474817
10.322122122122122 1.0674654606805953
10.337937937937939 1.0691296328568733
10.353753753753754 1.0706025283607634
10.36956956956957 1.0718897778983811
10.385385385385387 1.0729993900199264
10.401201201201202 1.073941468049599
10.417017017017018 1.0747278327569472
10.432832832832833 1.0753715681506582
10.44864864864865 1.0758865119638825
10.464464464464465 1.0762867154650348
10.480280280280281 1.0765858989929977
10.496096096096096 1.0767969299745876
10.511911911911913 1.0769313491061863
10.52772772772773 1.0769989679210945
10.543543543543544 1.0770075572472837
10.55935935935936 1.0769626412852098
10.575175175175175 1.0768674064607218
10.590990990990992 1.0767227281380012
10.606806806806807 1.0765273120451635
10.622622622622623 1.0762779412140984
10.63843843843844 1.0759698137008011
10.654254254254255 1.0755969516393769
10.670070070070071 1.0751526585531728
10.685885885885886 1.0746299995008606
10.701701701701703 1.0740222777025472
10.717517517517518 1.0733234818205137
10.733333333333334 1.072528680027841
10.749149149149149 1.071634340272143
10.764964964964966 1.0706385605426259
10.780780780780782 1.0695411982246394
10.796596596596597 1.0683438934752818
10.812412412412414 1.0670499876425714
10.828228228228229 1.0656643437322304
10.844044044044045 1.0641930814598048
10.85985985985986 1.0626432441975657
10.875675675675677 1.061022418865456
10.891491491491493 1.0593383323131578
10.907307307307308 1.0575984488578607
10.923123123123125 1.0558095933210385
10.93893893893894 1.053977622172138
10.954754754754756 1.05210716234378
10.97057057057057 1.050201433113624
10.986386386386387 1.0482621613989265
11.002202202202204 1.0462895951780757
11.018018018018019 1.0442826138691628
11.033833833833835 1.042238928703201
11.04964964964965 1.0401553607670153
11.065465465465467 1.0380281797705893
11.081281281281282 1.0358534829844124
11.097097097097098 1.033627591403247
11.112912912912913 1.0313474391614603
11.12872872872873 1.0290109326097376
11.144544544544546 1.026617257239072
11.160360360360361 1.0241671136995536
11.176176176176178 1.0216628683279227
11.191991991991992 1.019108608624009
11.207807807807809 1.0165100997070828
11.223623623623624 1.0138746436111958
11.23943943943944 1.0112108490026595
11.255255255255257 1.0085283241883287
11.271071071071072 1.0058373108216068
11.286886886886888 1.0031482792393702
11.302702702702703 1.00047150867188
11.31851851851852 0.9978166765249104
11.334334334334335 0.9951924804834221
11.350150150150151 0.9926063153556313
11.365965965965968 0.9900640234720635
11.381781781781783 0.9875697332567169
11.3975975975976 0.9851257955405441
11.413413413413414 0.9827328215836668
11.42922922922923 0.9803898209363
11.445045045045045 0.9780944315363249
11.460860860860862 0.9758432291439184
11.476676676676677 0.9736320986548417
11.492492492492493 0.9714566462744954
11.50830830830831 0.9693126291768537
11.524124124124125 0.9671963782480507
11.539939939939941 0.9651051898786416
11.555755755755756 0.9630376644961417
11.571571571571573 0.9609939725168748
11.587387387387388 0.9589760324680999
11.603203203203204 0.9569875909511355
11.61901901901902 0.9550341995998362
11.634834834834836 0.9531230899217348
11.650650650650652 0.9512629525647449
11.666466466466467 0.9494636328104823
11.682282282282284 0.9477357586611742
11.698098098098098 0.946090321507905
11.713913913913915 0.9445382318468801
11.72972972972973 0.9430898737178719
11.745545545545546 0.9417546814192553
11.761361361361363 0.9405407606277554
11.777177177177178 0.9394545734132076
11.792992992992994 0.9385007029525302
11.80880880880881 0.9376817092337902
11.824624624624626 0.9369980819663348
11.84044044044044 0.9364482915706327
11.856256256256257 0.936028933817065
11.872072072072074 0.9357349587152063
11.887887887887889 0.9355599698989915
11.903703703703705 0.9354965772440488
11.91951951951952 0.935536782974292
11.935335335335337 0.935672380186155
11.951151151151151 0.9358953425927807
11.966966966966968 0.9361981853488851
11.982782782782785 0.9365742789736642
11.9985985985986 0.9370181014959217
12.014414414414416 0.9375254178023779
12.03023023023023 0.9380933795373282
12.046046046046047 0.9387205435153488
12.061861861861862 0.9394068111959439
12.077677677677679 0.940153296065049
12.093493493493494 0.9409621295315558
12.10930930930931 0.9418362189731209
12.125125125125127 0.9427789736986495
12.140940940940942 0.9437940157360781
12.156756756756758 0.944884892466101
12.172572572572573 0.9460548072305021
12.18838838838839 0.9473063822326626
12.204204204204204 0.9486414654557144
12.220020020020021 0.9500609901325475
12.235835835835838 0.951564891724885
12.251651651651652 0.95315208363734
12.267467467467469 0.954820489241453
12.283283283283284 0.9565671244376844
12.2990990990991 0.9583882221389568
12.314914914914915 0.9602793878797112
12.330730730730732 0.9622357743558553
12.346546546546548 0.9642522621474106
12.362362362362363 0.96632363417602
12.37817817817818 0.9684447325579632
12.393993993993995 0.9706105883335554
12.409809809809811 0.9728165169458004
12.425625625625626 0.9750581751310424
12.441441441441443 0.977331577876195
12.457257257257258 0.9796330770856101
12.473073073073074 0.981959306384808
12.48888888888889 0.9843070988839773
12.504704704704706 0.9866733865760909
12.520520520520522 0.9890550912356321
12.536336336336337 0.9914490171428089
12.552152152152154 0.9938517556629299
12.567967967967968 0.9962596106899457
12.583783783783785 0.9986685522940093
12.599599599599602 1.0010742037148914
12.615415415415416 1.0034718642706402
12.631231231231233 1.0058565679826692
12.647047047047048 1.0082231749458435
12.662862862862864 1.0105664898863784
12.67867867867868 1.0128814001302948
12.694494494494496 1.015163023505457
12.71031031031031 1.0174068556412759
12.726126126126127 1.0196089057903999
12.741941941941944 1.0217658107072702
12.757757757757759 1.0238749172611663
12.773573573573575 1.0259343262698375
12.78938938938939 1.027942892403429
12.805205205205207 1.0299001777793926
12.821021021021021 1.0318063598716667
12.836836836836838 1.0336620973992747
12.852652652652655 1.0354683607435022
12.86846846846847 1.0372262359800208
12.884284284284286 1.0389367136336332
12.9001001001001 1.040600474630599
12.915915915915917 1.0422176865383967
12.931731731731732 1.0437878229931594
12.947547547547549 1.045309518218743
12.963363363363365 1.0467804667865481
12.97917917917918 1.0481973763478045
12.994994994994997 1.0495559781280732
13.010810810810812 1.0508510966792375
13.026626626626628 1.0520767769327237
13.042442442442443 1.0532264631963222
13.05825825825826 1.0542932215919636
13.074074074074074 1.0552699947357853
13.089889889889891 1.0561498753820278
13.105705705705708 1.0569263844201604
13.121521521521522 1.0575937381177674
13.137337337337339 1.058147089878168
13.153153153153154 1.0585827330176782
13.16896896896897 1.0588982530975413
13.184784784784785 1.0590926210569451
13.200600600600602 1.0591662216321978
13.216416416416418 1.059120815127067
13.232232232232233 1.058959434313577
13.24804804804805 1.058686221875566
13.263863863863865 1.0583062171476347
13.279679679679681 1.057825103755025
13.295495495495496 1.0572489319590415
13.311311311311313 1.0565838309296383
13.327127127127127 1.0558357267192289
13.342942942942944 1.0550100813677283
13.35875875875876 1.0541116673488065
13.374574574574575 1.0531443895428954
13.390390390390392 1.0521111642120193
13.406206206206207 1.0510138612129603
13.422022022022023 1.0498533121068425
13.437837837837838 1.0486293831121398
13.453653653653655 1.0473411082182595
13.469469469469471 1.0459868744363834
13.485285285285286 1.0445646483030728
13.501101101101103 1.0430722305311961
13.516916916916918 1.0415075242444665
13.532732732732734 1.0398688016134738
13.548548548548549 1.0381549539602415
13.564364364364366 1.0363657114919582
13.580180180180182 1.0345018206907073
13.595995995995997 1.032565169908426
13.611811811811814 1.0305588567418509
13.627627627627628 1.0284871941099494
13.643443443443445 1.026355655428856
13.65925925925926 1.024170762674347
13.675075075075076 1.021939924244184
13.690890890890891 1.0196712322057406
13.706706706706708 1.0173732305903829
13.722522522522524 1.015054667764535
13.73833833833834 1.0127242465008368
13.754154154154156 1.0103903851705878
13.76996996996997 1.0080610025072274
13.785785785785787 1.0057433367214081
13.801601601601602 1.0034438074927952
13.817417417417419 1.0011679266663682
13.833233233233235 0.9989202605097972
13.84904904904905 0.9967044433246325
13.864864864864867 0.9945232392311627
13.880680680680682 0.9923786462394865
13.896496496496498 0.990272034433078
13.912312312312313 0.988204308353156
13.92812812812813 0.986176082574241
13.943943943943946 0.9841878590548346
13.959759759759761 0.9822401951407
13.975575575575578 0.9803338520577842
13.991391391391392 0.9784699152835276
14.007207207207209 0.976649880220745
14.023023023023024 0.9748756989816119
14.03883883883884 0.9731497866661218
14.054654654654655 0.9714749881265217
14.070470470470472 0.9698545086848003
14.086286286286288 0.9682918144638651
14.102102102102103 0.9667905097744509
14.11791791791792 0.9653542002671447
14.133733733733735 0.9639863512441488
14.149549549549551 0.9626901505981238
14.165365365365366 0.9614683853141489
14.181181181181183 0.9603233393816262
14.196996996997 0.9592567193962365
14.212812812812814 0.9582696121967732
14.22862862862863 0.9573624767081771
14.244444444444445 0.9565351698934853
14.260260260260262 0.9557870045004266
14.276076076076077 0.9551168342641186
14.291891891891893 0.9545231605222465
14.307707707707708 0.9540042529174768
14.323523523523525 0.9535582760792778
14.339339339339341 0.9531834139363626
14.355155155155156 0.9528779836189625
14.370970970970973 0.9526405317390092
14.386786786786788 0.9524699071249886
14.402602602602604 0.9523653057467193
14.418418418418419 0.9523262854809891
14.434234234234236 0.952352750413801
14.450050050050052 0.9524449064140319
14.465865865865867 0.9526031916133825
14.481681681681684 0.9528281870656519
14.497497497497498 0.9531205141297839
14.513313313313315 0.9534807259455201
14.52912912912913 0.953909200697269
14.544944944944946 0.954406044172956
14.560760760760763 0.9549710084357176
14.576576576576578 0.9556034322853151
14.592392392392394 0.9563022076701158
14.60820820820821 0.9570657744204779
14.624024024024026 0.9578921437288879
14.63983983983984 0.9587789488294205
14.655655655655657 0.9597235194587679
14.671471471471472 0.9607229750360089
14.687287287287289 0.9617743301866881
14.703103103103105 0.9628746053451335
14.71891891891892 0.9640209347567708
14.734734734734737 0.9652106642980255
14.750550550550551 0.9664414321311539
14.766366366366368 0.9677112262784839
14.782182182182183 0.9690184146684374
14.797997997998 0.9703617449818472
14.813813813813816 0.9717403135989301
14.82962962962963 0.9731535049893331
14.845445445445447 0.9746009048694751
14.861261261261262 0.9760821922456385
14.877077077077079 0.977597016951948
14.892892892892894 0.9791448703819847
14.90870870870871 0.9807249577286548
14.924524524524527 0.9823360801456299
14.940340340340342 0.9839765348140302
14.956156156156158 0.9856440399616861
14.971971971971973 0.9873356904927144
14.98778778778779 0.9890479481241099
15.003603603603604 0.9907766678988651
15.019419419419421 0.9925171607741565
15.035235235235236 0.9942642898001482
15.051051051051052 0.9960125953432959
15.066866866866869 0.9977564429941118
15.082682682682684 0.9994901863452318
15.0984984984985 1.0012083358218022
15.114314314314315 1.0029057242563486
15.130130130130132 1.004577659957058
15.145945945945947 1.006220058621631
15.161761761761763 1.007829546565405
15.17757757757758 1.009403529298208
15.193393393393395 1.0109402214082681
15.209209209209211 1.012438635880711
15.225025025025026 1.0138985332652573
15.240840840840843 1.0153203333781522
15.256656656656657 1.0167049943435464
15.272472472472474 1.0180538656250688
15.288288288288289 1.019368523161151
15.304104104104105 1.0206505957127583
15.319919919919922 1.021901592002367
15.335735735735737 1.023122738142485
15.351551551551553 1.0243148342275297
15.367367367367368 1.0254781378333941
15.383183183183185 1.0266122806031557
15.398998998999 1.0277162221890654
15.414814814814816 1.0287882436838491
15.430630630630633 1.029825980434763
15.446446446446448 1.0308264919232717
15.462262262262264 1.031786364340317
15.47807807807808 1.0327018397101628
15.493893893893896 1.0335689640156451
15.50970970970971 1.0343837458318053
15.525525525525527 1.035142316533273
15.541341341341344 1.035841083222789
15.557157157157159 1.036476866122039
15.572972972972975 1.0370470132293677
15.58878878878879 1.0375494865123616
15.604604604604607 1.0379829156741658
15.620420420420421 1.038346617501016
15.636236236236238 1.038640580844712
15.652052052052053 1.0388654192945137
15.66786786786787 1.0390222954295296
15.683683683683686 1.039112822107882
15.6994994994995 1.0391389474535624
15.715315315315317 1.0391028309796442
15.731131131131132 1.0390067185980123
15.746946946946949 1.0388528241003878
15.762762762762764 1.0386432240717258
15.77857857857858 1.038379772161235
15.794394394394397 1.0380640372589682
15.810210210210212 1.0376972684977035
15.826026026026028 1.0372803882252633
15.841841841841843 1.0368140122836529
15.85765765765766 1.0362984952010537
15.873473473473474 1.0357339963570875
15.889289289289291 1.0351205619142996
15.905105105105108 1.0344582163945053
15.920920920920922 1.0337470572696608
15.936736736736739 1.0329873458596361
15.952552552552554 1.0321795881829106
15.96836836836837 1.0313246001631726
15.984184184184185 1.0304235527027474
16.0 1.0294779935189247
