0.2 0.07295618167006812
0.21581581581581583 0.05338417588060329
0.23163163163163164 0.03610648890984647
0.24744744744744746 0.02157786944001694
0.26326326326326327 0.010163838347901577
0.2790790790790791 0.002124593682477971
0.29489489489489495 -0.0023981605685770013
0.31071071071071077 -0.003390625492383892
0.3265265265265266 -0.0009718061228076724
0.3423423423423424 0.004606716737415972
0.3581581581581582 0.012966569932541416
0.373973973973974 0.02361412460440193
0.38978978978978984 0.035957719909227026
0.40560560560560566 0.0493302218573608
0.42142142142142147 0.06301627258202447
0.4372372372372373 0.0762833017508665
0.4530530530530531 0.08841511413409242
0.4688688688688689 0.09874665189029064
0.48468468468468473 0.1066983718995187
0.5005005005005005 0.11180859009127952
0.5163163163163164 0.11376213559988568
0.5321321321321322 0.11241373322409809
0.547947947947948 0.10780469412843807
0.5637637637637638 0.10017173834757398
0.5795795795795797 0.08994709007045465
0.5953953953953954 0.07774936505697272
0.6112112112112114 0.06436519211563718
0.6270270270270271 0.05072195742412877
0.642842842842843 0.037852509500095555
0.6586586586586587 0.026853090671254742
0.6744744744744746 0.01883614497521824
0.6902902902902903 0.014879971002739634
0.7061061061061062 0.01597742240214095
0.721921921921922 0.022985993470930555
0.7377377377377379 0.03658165205295649
0.7535535535535536 0.05721869181264716
0.7693693693693695 0.08509767167011162
0.7851851851851852 0.1201431984896919
0.8010010010010011 0.16199290249666598
0.8168168168168168 0.2099984710522682
0.8326326326326328 0.2632390674617421
0.8484484484484485 0.3205468928926455
0.8642642642642644 0.380544078800668
0.8800800800800801 0.4416895527490847
0.895895895895896 0.5023340296491408
0.9117117117117117 0.5607808685129143
0.9275275275275277 0.6153502235071047
0.9433433433433434 0.6644437243920727
0.9591591591591593 0.706606856602742
0.9749749749749752 0.7405862802055236
0.9907907907907909 0.7653795279969603
1.0066066066066068 0.7802748476786963
1.0224224224224225 0.7848793866335354
1.0382382382382385 0.7791344400221003
1.0540540540540542 0.7633170687997878
1.06986986986987 0.7380280155440255
1.0856856856856858 0.7041664724798005
1.1015015015015017 0.6628928572052337
1.1173173173173174 0.6155812979320844
1.1331331331331334 0.5637639948360689
1.148948948948949 0.5090699846838593
1.164764764764765 0.45316107481367507
1.1805805805805807 0.3976678184554949
1.1963963963963966 0.34412837163494814
1.2122122122122123 0.2939329047774709
1.2280280280280282 0.24827594866240854
1.243843843843844 0.20811864991050977
1.2596596596596599 0.1741624165427299
1.2754754754754756 0.14683487452849087
1.2912912912912915 0.12628845991805082
1.3071071071071072 0.11241136799191387
1.3229229229229231 0.10485000077482642
1.3387387387387388 0.103041525680592
1.3545545545545548 0.10625470646978585
1.3703703703703705 0.1136368143933314
1.3861861861861864 0.1242641883737865
1.402002002002002 0.13719389832864237
1.417817817817818 0.15151397878450212
1.4336336336336337 0.16638983772428928
1.4494494494494496 0.1811046987964242
1.4652652652652653 0.19509228850685
1.4810810810810813 0.2079604138629526
1.496896896896897 0.21950456644915284
1.512712712712713 0.22971120994621752
1.5285285285285286 0.23875093247811896
1.5443443443443445 0.2469621460976219
1.5601601601601602 0.25482646821313315
1.5759759759759762 0.26293730189081843
1.5917917917917919 0.27196342597112644
1.6076076076076078 0.28260959905745864
1.6234234234234235 0.29557626647868673
1.6392392392392394 0.3115204349382017
1.6550550550550551 0.3310196501520476
1.670870870870871 0.35454078816231416
1.6866866866866868 0.38241506575721396
1.7025025025025027 0.41482030796561775
1.7183183183183186 0.4517711021318287
1.7341341341341343 0.4931170414013757
1.7499499499499502 0.5385488386562323
1.765765765765766 0.5876116971822309
1.7815815815815819 0.6397249766738613
1.7973973973973976 0.6942069094823566
1.8132132132132135 0.7503029152199022
1.8290290290290292 0.80721594030749
1.8448448448448451 0.8641372162638796
1.8606606606606608 0.9202758850005817
1.8764764764764768 0.9748860749137674
1.8922922922922925 1.0272902177062995
1.9081081081081084 1.076897658648223
1.923923923923924 1.1232179157463142
1.93973973973974 1.1658682677400083
1.9555555555555557 1.2045756780822285
1.9713713713713716 1.239173373697213
1.9871871871871873 1.2695926764364043
2.0030030030030033 1.2958509172924477
2.018818818818819 1.3180364372507605
2.034634634634635 1.336291786530877
2.050450450450451 1.3507962722918525
2.0662662662662665 1.3617489741504656
2.0820820820820822 1.3693532515447417
2.0978978978978984 1.3738036151048707
2.113713713713714 1.3752756368152268
2.12952952952953 1.3739193441944724
2.1453453453453455 1.3698562967598025
2.1611611611611616 1.3631802939960345
2.1769769769769773 1.3539614278792067
2.192792792792793 1.3422529834439356
2.208608608608609 1.3281005196804259
2.224424424424425 1.311552339325516
2.2402402402402406 1.2926704859134048
2.2560560560560567 1.2715413924624084
2.2718718718718725 1.2482853476591977
2.287687687687688 1.2230640383395777
2.303503503503504 1.196085564469926
2.31931931931932 1.1676064952474448
2.3351351351351357 1.1379307310513327
2.3509509509509514 1.1074051433472252
2.366766766766767 1.0764121704612153
2.3825825825825833 1.0453597389841107
2.398398398398399 1.0146690471538073
2.4142142142142147 0.9847608783740178
2.4300300300300304 0.9560412028319529
2.4458458458458465 0.9288868684115206
2.4616616616616622 0.9036321770710426
2.477477477477478 0.8805570907800063
2.4932932932932936 0.8598777159688328
2.50910910910911 0.8417395836852166
2.5249249249249255 0.8262140827422138
2.540740740740741 0.8132982250347014
2.556556556556557 0.8029177366913631
2.572372372372373 0.7949332868090127
2.5881881881881887 0.7891494977094745
2.6040040040040044 0.7853262364119582
2.61981981981982 0.7831915741578165
2.6356356356356363 0.782455725151777
2.651451451451452 0.7828252406519625
2.6672672672672677 0.7840167411254053
2.6830830830830834 0.7857695158824869
2.6988988988988996 0.787856402581494
2.7147147147147153 0.7900924723818652
2.730530530530531 0.7923411828127278
2.746346346346347 0.7945178109566624
2.762162162162163 0.7965901350736636
2.7779779779779785 0.7985764840260428
2.7937937937937942 0.8005414120617853
2.8096096096096104 0.8025893739661439
2.825425425425426 0.8048568660750268
2.8412412412412418 0.8075035577535381
2.8570570570570575 0.8107029633100589
2.8728728728728736 0.8146331956976898
2.8886886886886893 0.8194683025910657
2.904504504504505 0.8253706162722474
2.9203203203203207 0.832484456601623
2.936136136136137 0.8409314178322895
2.9519519519519526 0.8508073526056666
2.9677677677677683 0.8621810479274485
2.983583583583584 0.8750944758873676
2.9993993993994 0.8895644033384885
3.015215215215216 0.9055850656184389
3.0310310310310316 0.9231315541974517
3.0468468468468473 0.9421635397400112
3.0626626626626634 0.9626289515307441
3.078478478478479 0.9844672607738814
3.094294294294295 1.0076120664194248
3.1101101101101105 1.0319927538399343
3.1259259259259267 1.0575350835611754
3.1417417417417424 1.0841606631207568
3.157557557557558 1.111785353288394
3.1733733733733738 1.1403167535765348
3.18918918918919 1.1696509948303184
3.2050050050050056 1.199669133124975
3.2208208208208213 1.2302334847617524
3.2366366366366375 1.261184263786955
3.252452452452453 1.292336879690586
3.268268268268269 1.3234802239576204
3.2840840840840846 1.354376221763449
3.2998998998999007 1.3847608526444772
3.3157157157157164 1.414346756033426
3.331531531531532 1.4428274397045688
3.347347347347348 1.4698830076264033
3.363163163163164 1.4951872248961866
3.3789789789789797 1.5184156475849364
3.3947947947947954 1.539254470141337
3.410610610610611 1.5574096872617962
3.4264264264264273 1.5726161343994538
3.442242242242243 1.5846459635054166
3.4580580580580587 1.593316128775533
3.4738738738738744 1.5984945001483102
3.4896896896896905 1.6001042875938791
3.505505505505506 1.5981265430371492
3.521321321321322 1.592600604156018
3.5371371371371376 1.5836224495781517
3.5529529529529538 1.571341042014914
3.5687687687687695 1.555952838398888
3.584584584584585 1.5376947382216357
3.600400400400401 1.5168358177534258
3.616216216216217 1.493668254391731
3.6320320320320327 1.4684978789759877
3.6478478478478484 1.4416348028589165
3.663663663663664 1.41338455065195
3.6794794794794803 1.3840400901458845
3.695295295295296 1.3538750906048433
3.7111111111111117 1.323138663296703
3.7269269269269274 1.2920517485618095
3.7427427427427435 1.2608052173880275
3.7585585585585592 1.2295596581195785
3.774374374374375 1.198446726305043
3.790190190190191 1.1675718531272814
3.806006006006007 1.1370180399948013
3.8218218218218225 1.1068504173803084
3.837637637637638 1.0771212173613343
3.8534534534534544 1.0478748027350484
3.86926926926927 1.0191524108716055
3.8850850850850858 0.9909963061393797
3.9009009009009015 0.9634530880721902
3.9167167167167176 0.9365759697191252
3.9325325325325333 0.9104259173095482
3.948348348348349 0.8850716234786535
3.9641641641641647 0.86058836665972
3.979979979979981 0.8370558838345108
3.9957957957957966 0.8145554480770377
4.011611611611612 0.7931663923942879
4.027427427427428 0.7729623543848657
4.043243243243244 0.7540075304484859
4.059059059059059 0.7363532231445928
4.074874874874875 0.7200349415037051
4.090690690690691 0.7050702734937817
4.106506506506507 0.6914576953230176
4.122322322322323 0.679176417545371
4.138138138138139 0.6681872973442404
4.1539539539539545 0.6584347745359129
4.16976976976977 0.6498497204096298
4.185585585585586 0.6423530278841467
4.2014014014014025 0.6358597224446358
4.217217217217218 0.6302833389814726
4.233033033033034 0.6255402920726211
4.24884884884885 0.6215539674373965
4.264664664664665 0.6182582801069838
4.280480480480481 0.6156004790536764
4.296296296296297 0.6135430263144028
4.312112112112113 0.6120644378759719
4.327927927927929 0.6111590399299035
4.343743743743745 0.6108356632989621
4.35955955955956 0.6111153664761563
4.375375375375376 0.6120283395136676
4.391191191191192 0.613610193058501
4.4070070070070075 0.6158978758904468
4.422822822822823 0.6189254879455414
4.43863863863864 0.6227202625531869
4.4544544544544555 0.6272989810902552
4.470270270270271 0.6326650561559208
4.486086086086087 0.6388064774247897
4.501901901901903 0.6456947601913087
4.517717717717718 0.6532849736742337
4.533533533533534 0.6615168583407776
4.54934934934935 0.6703169730597343
4.565165165165166 0.6796017480513166
4.580980980980982 0.6892812623815937
4.596796796796798 0.6992635186804014
4.6126126126126135 0.7094589556730386
4.628428428428429 0.7197849229670588
4.644244244244245 0.7301698432976604
4.660060060060061 0.740556805037933
4.675875875875876 0.7509063611194251
4.691691691691693 0.7611983575195169
4.707507507507509 0.7714326722605103
4.723323323323324 0.7816288108885792
4.73913913913914 0.7918243726874181
4.754954954954956 0.8020724692767331
4.770770770770771 0.8124382396654266
4.786586586586587 0.8229946595089366
4.802402402402404 0.8338178840424226
4.818218218218219 0.8449823914493058
4.834034034034035 0.8565562046878922
4.849849849849851 0.8685964644257356
4.8656656656656665 0.8811456041204941
4.881481481481482 0.8942283418155874
4.897297297297298 0.9078496541578516
4.913113113113114 0.9219938395088992
4.92892892892893 0.9366247123884361
4.944744744744746 0.9516869047727222
4.960560560560562 0.9671081849919138
4.976376376376377 0.982802646000479
4.992192192192193 0.998674565133735
5.008008008008009 1.0146227000243613
5.023823823823824 1.0305447622927708
5.03963963963964 1.0463418032203662
5.055455455455457 1.0619222541893072
5.071271271271272 1.0772053885866375
5.087087087087088 1.0921240095665739
5.102902902902904 1.1066262171673567
5.1187187187187195 1.1206761657458133
5.134534534534535 1.134253785002051
5.150350350350351 1.1473535012339597
5.166166166166167 1.1599820560687526
5.181981981981983 1.1721555741458212
5.197797797797799 1.1838960758638768
5.213613613613615 1.1952276637502033
5.22942942942943 1.2061726294089188
5.245245245245246 1.216747731364897
5.261061061061062 1.2269608823570533
5.2768768768768775 1.236808458572847
5.292692692692694 1.2462734046281803
5.30850850850851 1.2553242591976086
5.3243243243243255 1.2639151700926765
5.340140140140141 1.2719869076787713
5.355955955955957 1.2794688254168014
5.371771771771773 1.2862816595971238
5.387587587587588 1.2923410103458393
5.403403403403404 1.2975613056409674
5.419219219219221 1.3018600216885037
5.435035035035036 1.3051619181521366
5.450850850850852 1.307403046161377
5.466666666666668 1.3085343006406438
5.482482482482483 1.3085243153656592
5.498298298298299 1.3073615375477947
5.514114114114115 1.3050553662931015
5.5299299299299305 1.3016362930884513
5.545745745745747 1.2971550393054678
5.561561561561563 1.2916807422181154
5.5773773773773785 1.2852982938998698
5.593193193193194 1.2781049835583622
5.60900900900901 1.2702066307728603
5.624824824824826 1.26171342270194
5.640640640640641 1.252735681301446
5.656456456456457 1.2433797863781642
5.672272272272274 1.2337444671316078
5.688088088088089 1.2239176496954796
5.703903903903905 1.2139740127625187
5.719719719719721 1.203973359921606
5.735535535535536 1.1939598685488735
5.751351351351352 1.183962223936793
5.767167167167168 1.173994596863874
5.782982982982984 1.1640583759518628
5.7987987987988 1.154144525603996
5.814614614614616 1.1442364083161434
5.8304304304304315 1.1343128883976141
5.846246246246247 1.1243515236795263
5.862062062062063 1.1143316529795924
5.877877877877879 1.1042371995827462
5.893693693693694 1.0940590337682734
5.909509509509511 1.0837967688528907
5.925325325325327 1.0734599032276726
5.941141141141142 1.0630682629986816
5.956956956956958 1.052651743457509
5.972772772772774 1.0422493900403766
5.9885885885885894 1.031907898148234
6.004404404404405 1.0216796439453903
6.020220220220221 1.011620383196491
6.0360360360360374 1.0017867710257256
6.051851851851853 0.9922338614610386
6.067667667667669 0.9830127416528202
6.0834834834834846 0.9741684422378001
6.0992992992993 0.9657382435303843
6.115115115115116 0.9577504686323095
6.130930930930932 0.9502238211077134
6.146746746746747 0.9431672887802552
6.162562562562564 0.9365805987907433
6.17837837837838 0.9304551745939198
6.194194194194195 0.9247755151835999
6.210010010010011 0.9195208923263698
6.225825825825827 0.9146672443571826
6.2416416416416425 0.9101891360596697
6.257457457457458 0.9060616536991781
6.273273273273275 0.9022621122290793
6.2890890890890905 0.8987714673559883
6.304904904904906 0.8955753473599156
6.320720720720722 0.8926646467638184
6.336536536536538 0.8900356542916795
6.352352352352353 0.8876897190401235
6.368168168168169 0.8856324893769202
6.383983983983985 0.8838727868273712
6.399799799799801 0.8824212003900441
6.415615615615617 0.8812885039321382
6.431431431431433 0.8804840095528488
6.447247247247248 0.880013972533038
6.463063063063064 0.8798801586619776
6.47887887887888 0.8800786727806484
6.4946946946946955 0.8805991291876095
6.510510510510511 0.8814242213839077
6.526326326326328 0.8825297220522418
6.5421421421421435 0.8838849159310861
6.557957957957959 0.8854534401945793
6.573773773773775 0.8871944808828277
6.589589589589591 0.8890642514913694
6.605405405405406 0.8910176624140663
6.621221221221222 0.893010078591574
6.637037037037038 0.8949990580961058
6.652852852852854 0.8969459666924429
6.66866866866867 0.898817372418986
6.684484484484486 0.9005861392699953
6.700300300300301 0.9022321590922756
6.716116116116117 0.9037426844911635
6.731931931931933 0.9051122513093309
6.7477477477477485 0.9063422054203683
6.763563563563564 0.907439873483477
6.779379379379381 0.9084174393528329
6.7951951951951965 0.9092906056427855
6.811011011011012 0.910077132422008
6.826826826826828 0.9107953514030901
6.842642642642644 0.9114627539626933
6.858458458458459 0.9120947449395779
6.874274274274275 0.9127036418878197
6.890090090090092 0.9132979821561579
6.905905905905907 0.9138821789814453
6.921721721721723 0.9144565441214717
6.937537537537539 0.9150176699527389
6.9533533533533545 0.9155591400111491
6.96916916916917 0.9160725151918842
6.984984984984986 0.9165485246305967
7.000800800800802 0.9169783768042474
7.016616616616618 0.9173550984500299
7.032432432432434 0.9176748069786953
7.04824824824825 0.9179378262414
7.064064064064065 0.9181495654950022
7.079879879879881 0.9183210965307885
7.095695695695697 0.9184693831956869
7.111511511511512 0.9186171396965644
7.127327327327328 0.9187923177153486
7.143143143143145 0.9190272459694122
7.15895895895896 0.9193574679336926
7.174774774774776 0.9198203426101553
7.190590590590592 0.9204534882911556
7.2064064064064075 0.9212931592875392
7.222222222222223 0.9223726499749296
7.238038038038039 0.9237208190066083
7.253853853853855 0.9253608192747129
7.269669669669671 0.9273091066602954
7.285485485485487 0.9295747836120911
7.301301301301303 0.9321593132227308
7.317117117117118 0.9350566170222221
7.332932932932934 0.9382535465952988
7.34874874874875 0.9417306967962658
7.364564564564565 0.9454635081670324
7.380380380380382 0.9494235893997257
7.396196196196198 0.9535801783404008
7.412012012012013 0.9579016528360939
7.427827827827829 0.9623570010866522
7.443643643643645 0.96691716512755
7.4594594594594605 0.9715561803410444
7.475275275275276 0.9762520478418515
7.491091091091092 0.9809872942938066
7.5069069069069085 0.9857491940419754
7.522722722722724 0.9905296500925692
7.53853853853854 0.9953247520717351
7.554354354354356 1.0001340494897724
7.570170170170171 1.0049595961755529
7.585985985985987 1.0098048355504599
7.601801801801803 1.0146734056494602
7.6176176176176185 1.0195679469302807
7.633433433433435 1.0244889947267497
7.649249249249251 1.0294340318218116
7.6650650650650665 1.034396765487695
7.680880880880882 1.0393666782080755
7.696696696696698 1.0443288831484672
7.712512512512514 1.0492642954467168
7.728328328328329 1.0541501098324613
7.744144144144145 1.05896055525552
7.759959959959962 1.0636678793551764
7.775775775775777 1.0682435008478053
7.791591591591593 1.0726592571594642
7.807407407407409 1.0768886685346633
7.823223223223224 1.0809081387674166
7.83903903903904 1.0846980166635218
7.854854854854856 1.0882434510746335
7.870670670670672 1.0915349852686895
7.886486486486488 1.09456885268256
7.902302302302304 1.097346954701827
7.9181181181181195 1.0998765208518406
7.933933933933935 1.1021694714230081
7.949749749749751 1.1042415208658223
7.965565565565567 1.1061110761430744
7.981381381381382 1.1077979966452756
7.997197197197199 1.1093222905088993
8.013013013013014 1.1107028257404938
8.02882882882883 1.1119561332524113
8.044644644644645 1.1130953728715265
8.060460460460462 1.1141295229993027
8.076276276276277 1.1150628405552203
8.092092092092093 1.1158946210239613
8.107907907907908 1.1166192699127075
8.123723723723725 1.117226677868626
8.139539539539541 1.117702873292367
8.155355355355356 1.118030909645614
8.171171171171173 1.1181919308036523
8.186986986986987 1.1181663475795083
8.202802802802804 1.117935052543768
8.218618618618619 1.1174805988151297
8.234434434434435 1.116788271646274
8.25025025025025 1.1158469891364686
8.266066066066067 1.1146499797563623
8.281881881881882 1.1131951988269198
8.297697697697698 1.1114854627227346
8.313513513513515 1.1095282973130691
8.32932932932933 1.107335514895945
8.345145145145146 1.1049225505165448
8.360960960960961 1.1023076030662837
8.376776776776778 1.0995106380515889
8.392592592592592 1.0965523167172373
8.408408408408409 1.093452919861453
8.424224224224226 1.090231334006036
8.44004004004004 1.0869041626742126
8.455855855855857 1.0834850167358907
8.471671671671672 1.0799840256983395
8.487487487487488 1.0764075972442628
8.503303303303303 1.0727584361916258
8.51911911911912 1.0690358174014276
8.534934934934935 1.065236091044767
8.550750750750751 1.0613533840690659
8.566566566566568 1.0573804495789745
8.582382382382383 1.053309606911406
8.5981981981982 1.0491337099703861
8.614014014014014 1.0448470801905985
8.62982982982983 1.040446343357997
8.645645645645645 1.035931116215121
8.661461461461462 1.031304498861231
8.677277277277279 1.0265733417574001
8.693093093093093 1.0217482708326797
8.70890890890891 1.0168434698159294
8.724724724724725 1.0118762344934051
8.740540540540541 1.006866328130315
8.756356356356356 1.001835179883851
8.772172172172173 0.9968049778934994
8.787987987987988 0.991797715257431
8.803803803803804 0.9868342499011087
8.81961961961962 0.9819334382628406
8.835435435435436 0.9771113978524388
8.851251251251252 0.9723809454124827
8.867067067067067 0.9677512461707585
8.882882882882884 0.9632276962403283
8.898698698698698 0.9588120454561211
8.914514514514515 0.9545027527675175
8.930330330330332 0.9502955516879227
8.946146146146146 0.9461841901465663
8.961961961961963 0.9421612982092405
8.977777777777778 0.9382193291999757
8.993593593593594 0.934351515243134
9.00940940940941 0.930552777416715
9.025225225225226 0.9268205335927733
9.041041041041042 0.9231553534383108
9.056856856856857 0.9195614195408249
9.072672672672674 0.9160467655985848
9.088488488488489 0.9126232763181048
9.104304304304305 0.9093064482300388
9.12012012012012 0.9061149251624616
9.135935935935937 0.9030698356993849
9.151751751751751 0.9001939717701964
9.167567567567568 0.8975108568468954
9.183383383383385 0.8950437585154203
9.1991991991992 0.8928147030732826
9.215015015015016 0.8908435491408634
9.230830830830831 0.8891471731323948
9.246646646646647 0.8877388121041755
9.262462462462462 0.8866275994664177
9.278278278278279 0.8858183169588008
9.294094094094095 0.8853113729171737
9.30990990990991 0.8851030030409548
9.325725725725727 0.8851856764678888
9.341541541541542 0.8855486778005011
9.357357357357358 0.8861788255466869
9.373173173173173 0.8870612798440931
9.38898898898899 0.8881803877752686
9.404804804804806 0.8895205132952755
9.420620620620621 0.8910668008257235
9.436436436436438 0.8928058267515714
9.452252252252253 0.8947261010270177
9.468068068068069 0.8968183913214848
9.483883883883884 0.8990758539477712
9.4996996996997 0.9014939684514984
9.515515515515515 0.9040702853999265
9.531331331331332 0.9068040087922821
9.547147147147149 0.9096954448831497
9.562962962962963 0.9127453574285551
9.57877877877878 0.9159542749361562
9.594594594594595 0.9193217981032498
9.610410410410411 0.9228459551260018
9.626226226226226 0.9265226490240909
9.642042042042043 0.9303452348014187
9.65785785785786 0.934304255583221
9.673673673673674 0.9383873564050532
9.68948948948949 0.9425793827589998
9.705305305305306 0.9468626590699778
9.721121121121122 0.9512174307391996
9.736936936936937 0.9556224429799409
9.752752752752754 0.9600556210328663
9.768568568568568 0.9644948100167847
9.784384384384385 0.9689185290285196
9.800200200200202 0.9733066933623653
9.816016016016016 0.9776412609007766
9.831831831831833 0.9819067636742476
9.847647647647648 0.9860906929676189
9.863463463463464 0.9901837156794956
9.87927927927928 0.99417971031905
9.895095095095096 0.9980756223681787
9.910910910910912 1.0018711500277748
9.926726726726727 1.005568281894712
9.942542542542544 1.0091707172240836
9.958358358358359 1.0126832065566125
9.974174174174175 1.0161108551998832
9.98998998998999 1.0194584340649817
10.005805805805807 1.0227297415694137
10.021621621621623 1.0259270567913863
10.037437437437438 1.0290507180393302
10.053253253253255 1.0320988528779755
10.06906906906907 1.035067275951045
10.084884884884886 1.0379495602782711
10.1007007007007 1.0407372767538123
10.116516516516517 1.0434203860201168
10.132332332332332 1.045987757391353
10.148148148148149 1.0484277816385035
10.163963963963965 1.0507290387018589
10.17977977977978 1.052880978108022
10.195595595595597 1.0548745692236057
10.211411411411412 1.056702880496277
10.227227227227228 1.058361551369318
10.243043043043043 1.059849127306597
10.25885885885886 1.06116723689376
10.274674674674676 1.0623205997448169
10.290490490490491 1.063316864325578
10.306306306306308 1.0641662851583547
10.322122122122122 1.0648812585557659
10.337937937937939 1.0654757444530538
10.353753753753754 1.0659646085600603
10.36956956956957 1.066362923543182
10.385385385385387 1.0666852700199512
10.401201201201202 1.0669450777030942
10.417017017017018 1.0671540441233456
10.432832832832833 1.0673216631996965
10.44864864864865 1.0674548888587103
10.464464464464465 1.067557950392057
10.480280280280281 1.0676323268291337
10.496096096096096 1.0676768778844328
10.511911911911913 1.067688119623797
10.52772772772773 1.0676606244599027
10.543543543543544 1.0675875179528154
10.55935935935936 1.0674610395795983
10.575175175175175 1.0672731314515076
10.590990990990992 1.067016018064753
10.606806806806807 1.066682741591686
10.622622622622623 1.0662676208286173
10.63843843843844 1.0657666074534675
10.654254254254255 1.0651775203326403
10.670070070070071 1.0645001467810526
10.685885885885886 1.0637362083898436
10.701701701701703 1.06288919773353
10.717517517517518 1.0619641004015805
10.733333333333334 1.0609670238612203
10.749149149149149 1.0599047602164708
10.764964964964966 1.058784313652245
10.780780780780782 1.057612425032273
10.796596596596597 1.0563951256793527
10.812412412412414 1.0551373498659165
10.828228228228229 1.0538426311730098
10.844044044044045 1.0525129019444885
10.85985985985986 1.0511484079746505
10.875675675675677 1.0497477427948043
10.891491491491493 1.0483079979787338
10.907307307307308 1.0468250182847822
10.923123123123125 1.0452937436812517
10.93893893893894 1.0437086147906522
10.954754754754756 1.0420640143795055
10.97057057057057 1.040354715449202
10.986386386386387 1.0385763063637459
11.002202202202204 1.0367255652686527
11.018018018018019 1.0348007596730255
11.033833833833835 1.0328018522299611
11.04964964964965 1.0307306001072185
11.065465465465467 1.0285905424646176
11.081281281281282 1.0263868779749512
11.097097097097098 1.0241262415540944
11.112912912912913 1.0218163960327087
11.12872872872873 1.0194658599822852
11.144544544544546 1.0170834969518976
11.160360360360361 1.0146780937243347
11.176176176176178 1.0122579557183948
11.191991991991992 1.0098305463252488
11.207807807807809 1.0074021938690152
11.223623623623624 1.0049778852369717
11.23943943943944 1.0025611593444101
11.255255255255257 1.0001541068732143
11.271071071071072 0.9977574755950258
11.286886886886888 0.9953708735269037
11.302702702702703 0.992993055631206
11.31851851851852 0.9906222741876424
11.334334334334335 0.9882566686966658
11.350150150150151 0.9858946684957745
11.365965965965968 0.9835353803563903
11.381781781781783 0.9811789342366226
11.3975975975976 0.9788267630343949
11.413413413413414 0.9764817964423445
11.42922922922923 0.9741485545745235
11.445045045045045 0.9718331335549789
11.460860860860862 0.9695430823084468
11.476676676676677 0.9672871769186331
11.492492492492493 0.9650751056601538
11.50830830830831 0.9629170837314115
11.524124124124125 0.9608234214352298
11.539939939939941 0.9588040727667382
11.555755755755756 0.9568681928648382
11.571571571571573 0.955023732465125
11.587387387387388 0.9532770953746941
11.603203203203204 0.9516328812035284
11.61901901901902 0.9500937303700433
11.634834834834836 0.9486602820775468
11.650650650650652 0.9473312489316941
11.666466466466467 0.9461036045789738
11.682282282282284 0.9449728736521555
11.698098098098098 0.9439335068574269
11.713913913913915 0.9429793186361236
11.72972972972973 0.9421039608219819
11.745545545545546 0.9413014033457898
11.761361361361363 0.9405663924631645
11.777177177177178 0.9398948582355057
11.792992992992994 0.9392842460020904
11.80880880880881 0.9387337511564049
11.824624624624626 0.9382444423982557
11.84044044044044 0.9378192654115483
11.856256256256257 0.9374629261957715
11.872072072072074 0.937181660606903
11.887887887887889 0.9369829035882558
11.903703703703705 0.9368748776675248
11.91951951951952 0.9368661251893101
11.935335335335337 0.9369650121447205
11.951151151151151 0.9371792331472187
11.966966966966968 0.9375153469887293
11.982782782782785 0.9379783703060596
11.9985985985986 0.9385714533191564
12.014414414414416 0.9392956565959817
12.03023023023023 0.9401498416677692
12.046046046046047 0.9411306814445813
12.061861861861862 0.9422327891894069
12.077677677677679 0.9434489577414074
12.093493493493494 0.9447704941665929
12.10930930930931 0.9461876294511747
12.125125125125127 0.9476899785716069
12.140940940940942 0.94926702352684
12.156756756756758 0.9509085908568586
12.172572572572573 0.9526052958461398
12.18838838838839 0.9543489279626373
12.204204204204204 0.9561327559505904
12.220020020020021 0.9579517361251882
12.235835835835838 0.9598026134795792
12.251651651651652 0.9616839118263856
12.267467467467469 0.9635958159431588
12.283283283283284 0.9655399551566788
12.2990990990991 0.9675191035893491
12.314914914914915 0.9695368170534474
12.330730730730732 0.971597030034889
12.346546546546548 0.973703638161378
12.362362362362363 0.9758600919005257
12.37817817817818 0.9780690259831677
12.393993993993995 0.9803319462975068
12.409809809809811 0.9826489919453422
12.425625625625626 0.9850187850665366
12.441441441441443 0.9874383752575329
12.457257257257258 0.9899032793091638
12.473073073073074 0.9924076109588168
12.48888888888889 0.9949442897733431
12.504704704704706 0.9975053134997702
12.520520520520522 1.0000820745335344
12.536336336336337 1.0026656987781721
12.552152152152154 1.0052473842394931
12.567967967967968 1.0078187172505015
12.583783783783785 1.010371946204673
12.599599599599602 1.0129001959374624
12.615415415415416 1.0153976102113846
12.631231231231233 1.0178594148354239
12.647047047047048 1.0202818994457414
12.662862862862864 1.0226623215285742
12.67867867867868 1.0249987415143542
12.694494494494496 1.0272898023740111
12.71031031031031 1.029534470808217
12.726126126126127 1.0317317596056077
12.741941941941944 1.0338804519020703
12.757757757757759 1.0359788478328023
12.773573573573575 1.0380245524557323
12.78938938938939 1.040014320951924
12.805205205205207 1.0419439731698263
12.821021021021021 1.0438083848381325
12.836836836836838 1.0456015575401976
12.852652652652655 1.0473167641657102
12.86846846846847 1.0489467613854524
12.884284284284286 1.05048405607097
12.9001001001001 1.0519212088053493
12.915915915915917 1.0532511549512857
12.931731731731732 1.0544675223343645
12.947547547547549 1.055564924557049
12.963363363363365 1.0565392102882267
12.97917917917918 1.0573876514921563
12.994994994994997 1.0581090573042229
13.010810810810812 1.0587038048918715
13.026626626626628 1.059173783863316
13.042442442442443 1.0595222562718447
13.05825825825826 1.0597536396605185
13.074074074074074 1.059873225556779
13.089889889889891 1.0598868500419596
13.105705705705708 1.0598005362170426
13.121521521521522 1.0596201303574475
13.137337337337339 1.0593509541674113
13.153153153153154 1.0589974947650016
13.16896896896897 1.0585631518960599
13.184784784784785 1.0580500585183852
13.200600600600602 1.0574589865218689
13.216416416416418 1.0567893442254352
13.232232232232233 1.0560392667335567
13.24804804804805 1.055205794586752
13.263863863863865 1.054285130750248
13.279679679679681 1.0532729611849374
13.295495495495496 1.0521648203300782
13.311311311311313 1.0509564800378315
13.327127127127127 1.0496443390057413
13.342942942942944 1.04822578964444
13.35875875875876 1.04669954059849
13.374574574574575 1.0450658757271563
13.390390390390392 1.0433268340878297
13.406206206206207 1.0414863001168504
13.422022022022023 1.0395499984845569
13.437837837837838 1.0375253936904216
13.453653653653655 1.0354215000199702
13.469469469469471 1.0332486126719276
13.485285285285286 1.0310179753705675
13.501101101101103 1.0287414033373505
13.516916916916918 1.0264308829004483
13.532732732732734 1.0240981701358247
13.548548548548549 1.0217544107044703
13.564364364364366 1.0194098015051531
13.580180180180182 1.0170733120090776
13.595995995995997 1.014752479363257
13.611811811811814 1.0124532867854663
13.627627627627628 1.0101801297127955
13.643443443443445 1.0079358689227473
13.65925925925926 1.005721964742408
13.675075075075076 1.0035386818066405
13.690890890890891 1.001385349897892
13.706706706706708 0.999260663426748
13.722522522522524 0.9971630002602344
13.73833833833834 0.9950907399684594
13.754154154154156 0.993042562157103
13.76996996996997 0.9910177073239554
13.785785785785787 0.989016185490394
13.801601601601602 0.9870389215184788
13.817417417417419 0.9850878302863297
13.833233233233235 0.9831658194798546
13.84904904904905 0.9812767223730389
13.864864864864867 0.9794251673202514
13.880680680680682 0.9776163945021124
13.896496496496498 0.9758560335194608
13.912312312312313 0.9741498575384466
13.92812812812813 0.9725035307375697
13.943943943943946 0.9709223657483009
13.959759759759761 0.9694111066402465
13.975575575575578 0.9679737508745222
13.991391391391392 0.9666134206921841
14.007207207207209 0.9653322908267206
14.023023023023024 0.9641315754765026
14.03883883883884 0.9630115734113798
14.054654654654655 0.9619717661873152
14.070470470470472 0.9610109609598381
14.086286286286288 0.9601274665462048
14.102102102102103 0.9593192893673783
14.11791791791792 0.9585843348277558
14.133733733733735 0.957920599622459
14.149549549549551 0.9573263413910974
14.165365365365366 0.9568002139891245
14.181181181181183 0.9563413592882223
14.196996996997 0.9559494496590661
14.212812812812814 0.9556246789078604
14.22862862862863 0.9553677031829563
14.244444444444445 0.9551795369831961
14.260260260260262 0.9550614126386794
14.276076076076077 0.9550146142768136
14.291891891891893 0.9550402991517944
14.307707707707708 0.9551393201764911
14.323523523523525 0.9553120634853596
14.339339339339341 0.9555583138739391
14.355155155155156 0.9558771590684833
14.370970970970973 0.956266941103278
14.386786786786788 0.9567252598011393
14.402602602602604 0.9572490296837478
14.418418418418419 0.957834587829204
14.434234234234236 0.9584778465016607
14.450050050050052 0.9591744810533473
14.465865865865867 0.9599201408714493
14.481681681681684 0.960710669202202
14.497497497497498 0.9615423166729432
14.513313313313315 0.9624119333305476
14.52912912912913 0.9633171250369269
14.544944944944946 0.964256362057381
14.560760760760763 0.9652290305295521
14.576576576576578 0.9662354210364525
14.592392392392394 0.9672766525068288
14.60820820820821 0.9683545338775909
14.624024024024026 0.9694713701069119
14.63983983983984 0.970629722953865
14.655655655655657 0.9718321401895355
14.671471471471472 0.9730808693574079
14.687287287287289 0.9743775736872982
14.703103103103105 0.9757230681758676
14.71891891891892 0.9771170931331984
14.734734734734737 0.978558140684269
14.750550550550551 0.9800433469008171
14.766366366366368 0.9815684585811251
14.782182182182183 0.9831278794052751
14.797997997998 0.9847147955257185
14.813813813813816 0.9863213758881669
14.82962962962963 0.9879390380055952
14.845445445445447 0.9895587658096199
14.861261261261262 0.9911714628337291
14.877077077077079 0.9927683215549931
14.892892892892894 0.9943411883928626
14.90870870870871 0.995882903728248
14.924524524524527 0.9973875973845899
14.940340340340342 0.9988509222535628
14.956156156156158 1.0002702120294644
14.971971971971973 1.0016445531531817
14.98778778778779 1.0029747658214487
15.003603603603604 1.0042632940142802
15.019419419419421 1.0055140096356219
15.035235235235236 1.0067319407480224
15.051051051051052 1.0079229382243506
15.066866866866869 1.009093298682327
15.082682682682684 1.0102493641017884
15.0984984984985 1.0113971199001692
15.114314314314315 1.012541813376857
15.130130130130132 1.0136876133231472
15.145945945945947 1.0148373292961
15.161761761761763 1.0159922057059685
15.17757757757758 1.0171518016635988
15.193393393393395 1.0183139627215454
15.209209209209211 1.019474885500768
15.225025025025026 1.0206292710220288
15.240840840840843 1.021770557656299
15.256656656656657 1.0228912202531304
15.272472472472474 1.0239831184477872
15.288288288288289 1.0250378745863717
15.304104104104105 1.0260472602829396
15.319919919919922 1.0270035704056952
15.335735735735737 1.027899964281577
15.351551551551553 1.0287307560398002
15.367367367367368 1.0294916391490991
15.383183183183185 1.0301798341470692
15.398998998999 1.0307941530743145
15.414814814814816 1.0313349789415096
15.430630630630633 1.031804163390011
15.446446446446448 1.0322048502749452
15.462262262262264 1.032541236941568
15.47807807807808 1.0328182882536434
15.493893893893896 1.0330414207867713
15.50970970970971 1.033216175897901
15.525525525525527 1.0333479005669264
15.541341341341344 1.033441453986279
15.557157157157159 1.0335009559242017
15.572972972972975 1.0335295900412331
15.58878878878879 1.03352947178276
15.604604604604607 1.0335015864277985
15.620420420420421 1.033445798595153
15.636236236236238 1.0333609302520577
15.652052052052053 1.033244900290711
15.66786786786787 1.033094915266899
15.683683683683686 1.0329076981294938
15.6994994994995 1.0326797398612275
15.715315315315317 1.0324075579964276
15.731131131131132 1.0320879460176775
15.746946946946949 1.031718198637191
15.762762762762764 1.0312962998585493
15.77857857857858 1.0308210633565293
15.794394394394397 1.0302922179301384
15.810210210210212 1.0297104343681303
15.826026026026028 1.0290772937903174
15.841841841841843 1.0283952011609183
15.85765765765766 1.027667250990984
15.873473473473474 1.0268970550580674
15.889289289289291 1.0260885441102021
15.905105105105108 1.0252457568698834
15.920920920920922 1.024372630144824
15.936736736736739 1.023472803472695
15.952552552552554 1.0225494505176211
15.96836836836837 1.021605147488099
15.984184184184185 1.0206417862944348
16.0 1.0196605371786382
