0.000000000000000000e+00
0.000000000000000000e+00
3.400000000000000000e+01
1.100000000000000000e+02
4.550000000000000000e+02
1.110000000000000000e+02
4.500000000000000000e+01
3.100000000000000000e+01
2.200000000000000000e+01
6.000000000000000000e+01
7.900000000000000000e+01
6.900000000000000000e+01
9.000000000000000000e+01
8.100000000000000000e+01
7.800000000000000000e+01
1.070000000000000000e+02
1.080000000000000000e+02
6.400000000000000000e+01
5.400000000000000000e+01
3.300000000000000000e+01
3.100000000000000000e+01
2.700000000000000000e+01
2.900000000000000000e+01
1.000000000000000000e+01
1.500000000000000000e+01
3.000000000000000000e+00
1.000000000000000000e+00
2.000000000000000000e+00
3.000000000000000000e+00
0.000000000000000000e+00
0.000000000000000000e+00
0.000000000000000000e+00
0.000000000000000000e+00
0.000000000000000000e+00
0.000000000000000000e+00
0.000000000000000000e+00
0.000000000000000000e+00
0.000000000000000000e+00
0.000000000000000000e+00
0.000000000000000000e+00
0.000000000000000000e+00
0.000000000000000000e+00
0.000000000000000000e+00
0.000000000000000000e+00
0.000000000000000000e+00
0.000000000000000000e+00
0.000000000000000000e+00
0.000000000000000000e+00
0.000000000000000000e+00
0.000000000000000000e+00
0.000000000000000000e+00
0.000000000000000000e+00
0.000000000000000000e+00
0.000000000000000000e+00
0.000000000000000000e+00
0.000000000000000000e+00
0.000000000000000000e+00
0.000000000000000000e+00
0.000000000000000000e+00
0.000000000000000000e+00
