0.000000000000000000e+00
0.000000000000000000e+00
3.600000000000000000e+01
1.770000000000000000e+02
5.660000000000000000e+02
1.770000000000000000e+02
9.800000000000000000e+01
6.300000000000000000e+01
8.300000000000000000e+01
1.280000000000000000e+02
1.380000000000000000e+02
1.280000000000000000e+02
1.610000000000000000e+02
1.570000000000000000e+02
1.150000000000000000e+02
4.800000000000000000e+01
7.800000000000000000e+01
3.200000000000000000e+01
4.200000000000000000e+01
8.000000000000000000e+00
1.600000000000000000e+01
4.000000000000000000e+00
7.000000000000000000e+00
0.000000000000000000e+00
0.000000000000000000e+00
0.000000000000000000e+00
0.000000000000000000e+00
0.000000000000000000e+00
0.000000000000000000e+00
0.000000000000000000e+00
0.000000000000000000e+00
0.000000000000000000e+00
0.000000000000000000e+00
0.000000000000000000e+00
0.000000000000000000e+00
0.000000000000000000e+00
0.000000000000000000e+00
0.000000000000000000e+00
0.000000000000000000e+00
0.000000000000000000e+00
0.000000000000000000e+00
0.000000000000000000e+00
0.000000000000000000e+00
0.000000000000000000e+00
0.000000000000000000e+00
0.000000000000000000e+00
0.000000000000000000e+00
0.000000000000000000e+00
0.000000000000000000e+00
0.000000000000000000e+00
0.000000000000000000e+00
0.000000000000000000e+00
0.000000000000000000e+00
0.000000000000000000e+00
0.000000000000000000e+00
0.000000000000000000e+00
0.000000000000000000e+00
0.000000000000000000e+00
0.000000000000000000e+00
0.000000000000000000e+00
