0.000000000000000000e+00
0.000000000000000000e+00
4.000000000000000000e+01
1.370000000000000000e+02
5.010000000000000000e+02
1.200000000000000000e+02
5.500000000000000000e+01
4.400000000000000000e+01
4.300000000000000000e+01
5.900000000000000000e+01
1.180000000000000000e+02
7.400000000000000000e+01
1.160000000000000000e+02
1.090000000000000000e+02
1.220000000000000000e+02
1.190000000000000000e+02
7.400000000000000000e+01
2.400000000000000000e+01
5.300000000000000000e+01
2.700000000000000000e+01
1.700000000000000000e+01
1.700000000000000000e+01
1.200000000000000000e+01
4.000000000000000000e+00
7.000000000000000000e+00
2.000000000000000000e+00
2.000000000000000000e+00
0.000000000000000000e+00
0.000000000000000000e+00
0.000000000000000000e+00
0.000000000000000000e+00
0.000000000000000000e+00
0.000000000000000000e+00
0.000000000000000000e+00
0.000000000000000000e+00
0.000000000000000000e+00
0.000000000000000000e+00
0.000000000000000000e+00
0.000000000000000000e+00
0.000000000000000000e+00
0.000000000000000000e+00
0.000000000000000000e+00
0.000000000000000000e+00
0.000000000000000000e+00
0.000000000000000000e+00
0.000000000000000000e+00
0.000000000000000000e+00
0.000000000000000000e+00
0.000000000000000000e+00
0.000000000000000000e+00
0.000000000000000000e+00
0.000000000000000000e+00
0.000000000000000000e+00
0.000000000000000000e+00
0.000000000000000000e+00
0.000000000000000000e+00
0.000000000000000000e+00
0.000000000000000000e+00
0.000000000000000000e+00
0.000000000000000000e+00
