# r J(r)
8.000000000000000167e-03 0.000000000000000000e+00
2.400000000000000050e-02 0.000000000000000000e+00
4.000000000000000083e-02 0.000000000000000000e+00
5.600000000000000117e-02 0.000000000000000000e+00
7.200000000000000844e-02 0.000000000000000000e+00
8.799999999999999489e-02 0.000000000000000000e+00
1.040000000000000091e-01 0.000000000000000000e+00
1.199999999999999956e-01 0.000000000000000000e+00
1.360000000000000098e-01 0.000000000000000000e+00
1.520000000000000240e-01 0.000000000000000000e+00
1.680000000000000104e-01 0.000000000000000000e+00
1.839999999999999969e-01 0.000000000000000000e+00
2.000000000000000111e-01 0.000000000000000000e+00
2.160000000000000253e-01 0.000000000000000000e+00
2.320000000000000118e-01 0.000000000000000000e+00
2.479999999999999982e-01 0.000000000000000000e+00
2.640000000000000124e-01 0.000000000000000000e+00
2.800000000000000266e-01 0.000000000000000000e+00
2.960000000000000409e-01 0.000000000000000000e+00
3.119999999999999996e-01 0.000000000000000000e+00
3.280000000000000138e-01 0.000000000000000000e+00
3.440000000000000280e-01 0.000000000000000000e+00
3.599999999999999867e-01 0.000000000000000000e+00
3.760000000000000009e-01 0.000000000000000000e+00
3.920000000000000151e-01 0.000000000000000000e+00
4.080000000000000293e-01 0.000000000000000000e+00
4.240000000000000435e-01 0.000000000000000000e+00
4.400000000000000022e-01 0.000000000000000000e+00
4.560000000000000164e-01 0.000000000000000000e+00
4.720000000000000306e-01 0.000000000000000000e+00
4.879999999999999893e-01 0.000000000000000000e+00
5.040000000000000036e-01 0.000000000000000000e+00
5.200000000000000178e-01 0.000000000000000000e+00
5.360000000000000320e-01 0.000000000000000000e+00
5.520000000000000462e-01 0.000000000000000000e+00
5.680000000000000604e-01 0.000000000000000000e+00
5.840000000000000746e-01 0.000000000000000000e+00
5.999999999999999778e-01 0.000000000000000000e+00
6.159999999999999920e-01 0.000000000000000000e+00
6.320000000000000062e-01 0.000000000000000000e+00
6.480000000000000204e-01 0.000000000000000000e+00
6.640000000000000346e-01 0.000000000000000000e+00
6.800000000000000488e-01 0.000000000000000000e+00
6.960000000000000631e-01 0.000000000000000000e+00
7.119999999999999662e-01 0.000000000000000000e+00
7.279999999999999805e-01 0.000000000000000000e+00
7.439999999999999947e-01 0.000000000000000000e+00
7.600000000000000089e-01 0.000000000000000000e+00
7.760000000000000231e-01 0.000000000000000000e+00
7.920000000000000373e-01 0.000000000000000000e+00
8.080000000000000515e-01 0.000000000000000000e+00
8.240000000000000657e-01 0.000000000000000000e+00
8.400000000000000799e-01 0.000000000000000000e+00
8.559999999999999831e-01 0.000000000000000000e+00
8.719999999999999973e-01 0.000000000000000000e+00
8.880000000000000115e-01 0.000000000000000000e+00
9.040000000000000258e-01 0.000000000000000000e+00
9.200000000000000400e-01 0.000000000000000000e+00
9.360000000000000542e-01 0.000000000000000000e+00
9.520000000000000684e-01 0.000000000000000000e+00
9.679999999999999716e-01 0.000000000000000000e+00
9.839999999999999858e-01 0.000000000000000000e+00
1.000000000000000000e+00 0.000000000000000000e+00
1.016000000000000014e+00 0.000000000000000000e+00
1.032000000000000028e+00 0.000000000000000000e+00
1.048000000000000043e+00 0.000000000000000000e+00
1.064000000000000057e+00 0.000000000000000000e+00
1.080000000000000071e+00 0.000000000000000000e+00
1.096000000000000085e+00 0.000000000000000000e+00
1.112000000000000099e+00 0.000000000000000000e+00
1.128000000000000114e+00 0.000000000000000000e+00
1.144000000000000128e+00 0.000000000000000000e+00
1.160000000000000142e+00 0.000000000000000000e+00
1.175999999999999934e+00 0.000000000000000000e+00
1.191999999999999948e+00 0.000000000000000000e+00
1.207999999999999963e+00 0.000000000000000000e+00
1.223999999999999977e+00 0.000000000000000000e+00
1.239999999999999991e+00 0.000000000000000000e+00
1.256000000000000005e+00 0.000000000000000000e+00
1.272000000000000020e+00 0.000000000000000000e+00
1.288000000000000034e+00 0.000000000000000000e+00
1.304000000000000048e+00 0.000000000000000000e+00
1.320000000000000062e+00 0.000000000000000000e+00
1.336000000000000076e+00 0.000000000000000000e+00
1.352000000000000091e+00 0.000000000000000000e+00
1.368000000000000105e+00 0.000000000000000000e+00
1.384000000000000119e+00 0.000000000000000000e+00
1.400000000000000133e+00 0.000000000000000000e+00
1.415999999999999925e+00 0.000000000000000000e+00
1.431999999999999940e+00 0.000000000000000000e+00
1.447999999999999954e+00 0.000000000000000000e+00
1.463999999999999968e+00 0.000000000000000000e+00
1.479999999999999982e+00 0.000000000000000000e+00
1.495999999999999996e+00 0.000000000000000000e+00
1.512000000000000011e+00 0.000000000000000000e+00
1.528000000000000025e+00 0.000000000000000000e+00
1.544000000000000039e+00 0.000000000000000000e+00
1.560000000000000053e+00 0.000000000000000000e+00
1.576000000000000068e+00 0.000000000000000000e+00
1.592000000000000082e+00 0.000000000000000000e+00
1.608000000000000096e+00 0.000000000000000000e+00
1.624000000000000110e+00 0.000000000000000000e+00
1.640000000000000124e+00 0.000000000000000000e+00
1.656000000000000139e+00 0.000000000000000000e+00
1.672000000000000153e+00 0.000000000000000000e+00
1.687999999999999945e+00 0.000000000000000000e+00
1.703999999999999959e+00 0.000000000000000000e+00
1.719999999999999973e+00 0.000000000000000000e+00
1.735999999999999988e+00 0.000000000000000000e+00
1.752000000000000002e+00 0.000000000000000000e+00
1.768000000000000016e+00 0.000000000000000000e+00
1.784000000000000030e+00 0.000000000000000000e+00
1.800000000000000044e+00 0.000000000000000000e+00
1.816000000000000059e+00 0.000000000000000000e+00
1.832000000000000073e+00 0.000000000000000000e+00
1.848000000000000087e+00 0.000000000000000000e+00
1.864000000000000101e+00 0.000000000000000000e+00
1.880000000000000115e+00 0.000000000000000000e+00
1.896000000000000130e+00 0.000000000000000000e+00
1.912000000000000144e+00 0.000000000000000000e+00
1.927999999999999936e+00 1.672937869224431487e-06
1.943999999999999950e+00 3.649467563614755048e-06
1.959999999999999964e+00 9.321986741647735346e-06
1.975999999999999979e+00 2.574451311874351547e-05
1.991999999999999993e+00 6.208672412347360074e-05
2.008000000000000007e+00 1.433716585605852086e-04
2.024000000000000021e+00 3.084899320000150939e-04
2.040000000000000036e+00 6.726253634022214467e-04
2.056000000000000050e+00 1.406834375743078614e-03
2.072000000000000064e+00 2.778236827879667498e-03
2.088000000000000078e+00 5.323475347647026873e-03
2.104000000000000092e+00 9.881814717479377175e-03
2.120000000000000107e+00 1.779780041034519783e-02
2.136000000000000121e+00 3.114679064805657774e-02
2.152000000000000135e+00 5.299500732452549351e-02
2.168000000000000149e+00 8.785509010175124311e-02
2.184000000000000163e+00 1.419148109982384942e-01
2.200000000000000178e+00 2.233764261029620446e-01
2.216000000000000192e+00 3.427534681460847055e-01
2.232000000000000206e+00 5.126631308344563598e-01
2.248000000000000220e+00 7.475370791341710008e-01
2.264000000000000234e+00 1.062708181434701471e+00
2.280000000000000249e+00 1.473030912509128099e+00
2.296000000000000263e+00 1.991027856851640410e+00
2.312000000000000277e+00 2.624628354450650569e+00
2.327999999999999847e+00 3.374853393918954669e+00
2.343999999999999861e+00 4.233727646363059982e+00
2.359999999999999876e+00 5.182766362975446128e+00
2.375999999999999890e+00 6.192479355357041193e+00
2.391999999999999904e+00 7.223223330314963775e+00
2.407999999999999918e+00 8.227382458595865700e+00
2.423999999999999932e+00 9.152882157203205082e+00
2.439999999999999947e+00 9.947683926517093767e+00
2.455999999999999961e+00 1.056469848223190233e+01
2.471999999999999975e+00 1.096647622946841949e+01
2.487999999999999989e+00 1.112904536948105161e+01
2.504000000000000004e+00 1.104430810765814108e+01
2.520000000000000018e+00 1.072066878389049194e+01
2.536000000000000032e+00 1.018184975505855050e+01
2.552000000000000046e+00 9.464077150059612364e+00
2.568000000000000060e+00 8.612136243250175127e+00
2.584000000000000075e+00 7.674838659247005701e+00
2.600000000000000089e+00 6.700604501436438376e+00
2.616000000000000103e+00 5.733579762546176184e+00
2.632000000000000117e+00 4.810830349509617854e+00
2.648000000000000131e+00 3.960622307653721030e+00
2.664000000000000146e+00 3.201894376605106007e+00
2.680000000000000160e+00 2.544711309163647073e+00
2.696000000000000174e+00 1.991377274991694701e+00
2.712000000000000188e+00 1.538093969524211069e+00
2.728000000000000203e+00 1.176664362025779953e+00
2.744000000000000217e+00 8.961332989653602032e-01
2.760000000000000231e+00 6.843431485823638916e-01
2.776000000000000245e+00 5.291078810310743119e-01
2.792000000000000259e+00 4.190509207827139981e-01
2.808000000000000274e+00 3.441690281279990438e-01
2.823999999999999844e+00 2.960694646704822297e-01
2.839999999999999858e+00 2.681885063725593099e-01
2.855999999999999872e+00 2.555811894563193021e-01
2.871999999999999886e+00 2.547164110336094800e-01
2.887999999999999901e+00 2.633508765346323499e-01
2.903999999999999915e+00 2.801549945389542051e-01
2.919999999999999929e+00 3.045133479813100230e-01
2.935999999999999943e+00 3.363285078461641930e-01
2.951999999999999957e+00 3.757429178000330494e-01
2.967999999999999972e+00 4.230507816728752424e-01
2.983999999999999986e+00 4.785156753236001204e-01
3.000000000000000000e+00 5.423246212066119565e-01
3.016000000000000014e+00 6.145456062465806113e-01
3.032000000000000028e+00 6.952009627700371786e-01
3.048000000000000043e+00 7.841676840628069023e-01
3.064000000000000057e+00 8.813322163141448229e-01
3.080000000000000071e+00 9.865884457703342214e-01
3.096000000000000085e+00 1.099952307359886694e+00
3.112000000000000099e+00 1.221581484445527055e+00
3.128000000000000114e+00 1.351865080325419077e+00
3.144000000000000128e+00 1.491445628008323698e+00
3.160000000000000142e+00 1.641296250962195558e+00
3.176000000000000156e+00 1.802636610300493603e+00
3.192000000000000171e+00 1.976986724762855863e+00
3.208000000000000185e+00 2.165874258957606546e+00
3.224000000000000199e+00 2.370663998226450797e+00
3.240000000000000213e+00 2.592324953057133285e+00
3.256000000000000227e+00 2.831134072033220317e+00
3.272000000000000242e+00 3.086564505615479348e+00
3.288000000000000256e+00 3.357186384982393079e+00
3.304000000000000270e+00 3.640974460430236981e+00
3.320000000000000284e+00 3.935518412086989937e+00
3.336000000000000298e+00 4.238371338073603667e+00
3.351999999999999869e+00 4.547471796154248125e+00
3.367999999999999883e+00 4.861353292416115579e+00
3.383999999999999897e+00 5.179182782143485042e+00
3.399999999999999911e+00 5.500728286119914046e+00
3.415999999999999925e+00 5.826039679325860199e+00
3.431999999999999940e+00 6.155237547110518292e+00
3.447999999999999954e+00 6.488141149335793223e+00
3.463999999999999968e+00 6.824236213006548368e+00
3.479999999999999982e+00 7.162330186124880704e+00
3.495999999999999996e+00 7.500934026697448687e+00
3.512000000000000011e+00 7.838281384286845288e+00
3.528000000000000025e+00 8.172532866247756544e+00
3.544000000000000039e+00 8.502164790287070062e+00
3.560000000000000053e+00 8.826059758460855775e+00
3.576000000000000068e+00 9.143753317048707530e+00
3.592000000000000082e+00 9.455306345708780924e+00
3.608000000000000096e+00 9.761285814315677101e+00
3.624000000000000110e+00 1.006253194635248427e+01
3.640000000000000124e+00 1.035983359359195788e+01
3.656000000000000139e+00 1.065373162583828659e+01
3.672000000000000153e+00 1.094400550866081545e+01
3.688000000000000167e+00 1.122958674144219771e+01
3.704000000000000181e+00 1.150843294462135624e+01
3.720000000000000195e+00 1.177740698724220181e+01
3.736000000000000210e+00 1.203251314447622811e+01
3.752000000000000224e+00 1.226897752451208135e+01
3.768000000000000238e+00 1.248168119068554383e+01
3.784000000000000252e+00 1.266548567408935710e+01
3.800000000000000266e+00 1.281549975256781160e+01
3.816000000000000281e+00 1.292747814871816203e+01
3.832000000000000295e+00 1.299795540060546628e+01
3.847999999999999865e+00 1.302432835676273370e+01
3.863999999999999879e+00 1.300494519852683517e+01
3.879999999999999893e+00 1.293900112553524018e+01
3.895999999999999908e+00 1.282657780733378061e+01
3.911999999999999922e+00 1.266866285564033667e+01
3.927999999999999936e+00 1.246729228382576338e+01
3.943999999999999950e+00 1.222559941647057435e+01
3.959999999999999964e+00 1.194777324125062457e+01
3.975999999999999979e+00 1.163926422248500714e+01
3.991999999999999993e+00 1.130644328430217982e+01
4.008000000000000007e+00 1.095637918459710036e+01
4.024000000000000021e+00 1.059644074138064695e+01
4.040000000000000036e+00 1.023395260472853074e+01
4.056000000000000050e+00 9.875687215202420433e+00
4.072000000000000064e+00 9.527701642089116518e+00
4.088000000000000078e+00 9.194865834094892776e+00
4.104000000000000092e+00 8.880918618061109271e+00
4.120000000000000107e+00 8.588318099690232188e+00
4.136000000000000121e+00 8.318404297628971378e+00
4.152000000000000135e+00 8.071319840521864464e+00
4.168000000000000149e+00 7.846346357565353813e+00
4.184000000000000163e+00 7.642100503921532173e+00
4.200000000000000178e+00 7.456580435751673619e+00
4.216000000000000192e+00 7.287593920381459256e+00
4.232000000000000206e+00 7.132742797604306517e+00
4.248000000000000220e+00 6.989808122847028571e+00
4.264000000000000234e+00 6.856847945461360894e+00
4.280000000000000249e+00 6.732131659757948583e+00
4.296000000000000263e+00 6.614472104053869650e+00
4.312000000000000277e+00 6.502981640495595350e+00
4.328000000000000291e+00 6.397465269221884299e+00
4.344000000000000306e+00 6.298058889289906759e+00
4.360000000000000320e+00 6.205347039192703029e+00
4.376000000000000334e+00 6.120367893785808810e+00
4.392000000000000348e+00 6.044247255055032575e+00
4.408000000000000362e+00 5.978211667969845600e+00
4.424000000000000377e+00 5.923337043448948513e+00
4.440000000000000391e+00 5.880347646408708329e+00
4.456000000000000405e+00 5.849620990599731840e+00
4.472000000000000419e+00 5.831120153696256025e+00
4.488000000000000433e+00 5.824513257305246050e+00
4.504000000000000448e+00 5.829231743548163536e+00
4.520000000000000462e+00 5.844665316648015363e+00
4.536000000000000476e+00 5.870146550922274997e+00
4.552000000000000490e+00 5.904955945677989426e+00
4.568000000000000504e+00 5.948269929961385927e+00
4.584000000000000519e+00 5.999086481643585600e+00
4.600000000000000533e+00 6.056167728089871360e+00
4.616000000000000547e+00 6.118025982103175053e+00
4.631999999999999673e+00 6.182893852491543996e+00
4.647999999999999687e+00 6.248998887776988198e+00
4.663999999999999702e+00 6.314542463086607604e+00
4.679999999999999716e+00 6.378053863915854826e+00
4.695999999999999730e+00 6.438397378468198262e+00
4.711999999999999744e+00 6.494924809531845256e+00
4.727999999999999758e+00 6.547561092660309612e+00
4.743999999999999773e+00 6.596889838249390792e+00
4.759999999999999787e+00 6.643967355223881377e+00
4.775999999999999801e+00 6.690204507783506394e+00
4.791999999999999815e+00 6.737286815065464118e+00
4.807999999999999829e+00 6.786839500085489085e+00
4.823999999999999844e+00 6.840252784518678908e+00
4.839999999999999858e+00 6.898405414214463960e+00
4.855999999999999872e+00 6.961668731728661186e+00
4.871999999999999886e+00 7.029800502749716351e+00
4.887999999999999901e+00 7.102105610888903797e+00
4.903999999999999915e+00 7.177567989093776468e+00
4.919999999999999929e+00 7.255187615054417449e+00
4.935999999999999943e+00 7.334226723440890439e+00
4.951999999999999957e+00 7.414391885328592835e+00
4.967999999999999972e+00 7.496141758727247861e+00
4.983999999999999986e+00 7.580642024967758630e+00
5.000000000000000000e+00 7.669637865190352954e+00
5.016000000000000014e+00 7.765393368641771765e+00
5.032000000000000028e+00 7.870200232666441309e+00
5.048000000000000043e+00 7.986199869187696976e+00
5.064000000000000057e+00 8.115058169840898117e+00
5.080000000000000071e+00 8.257621816119062430e+00
5.096000000000000085e+00 8.413983712733529075e+00
5.112000000000000099e+00 8.583334686312381834e+00
5.128000000000000114e+00 8.764252834672147330e+00
5.144000000000000128e+00 8.954886122927675274e+00
5.160000000000000142e+00 9.153397512541445735e+00
5.176000000000000156e+00 9.358099013116445875e+00
5.192000000000000171e+00 9.568036389576958456e+00
5.208000000000000185e+00 9.782937587791316503e+00
5.224000000000000199e+00 1.000364230692026979e+01
5.240000000000000213e+00 1.023164444454453736e+01
5.256000000000000227e+00 1.046922557493285488e+01
5.272000000000000242e+00 1.071887899258789290e+01
5.288000000000000256e+00 1.098292704281092647e+01
5.304000000000000270e+00 1.126307505204444759e+01
5.320000000000000284e+00 1.155988244329384962e+01
5.336000000000000298e+00 1.187259596050002841e+01
5.352000000000000313e+00 1.219924328394992585e+01
5.368000000000000327e+00 1.253664095294008085e+01
5.384000000000000341e+00 1.288094711383407187e+01
5.400000000000000355e+00 1.322828806997154771e+01
5.416000000000000369e+00 1.357526826414250998e+01
5.432000000000000384e+00 1.391968902061998392e+01
5.448000000000000398e+00 1.426053976611756902e+01
5.464000000000000412e+00 1.459811748998626157e+01
5.480000000000000426e+00 1.493363119072809653e+01
5.496000000000000441e+00 1.526853180967551182e+01
5.512000000000000455e+00 1.560379279398863517e+01
5.528000000000000469e+00 1.593947842421321859e+01
5.544000000000000483e+00 1.627446286792929087e+01
5.560000000000000497e+00 1.660633674422588513e+01
5.576000000000000512e+00 1.693183042544593420e+01
5.592000000000000526e+00 1.724751142316210917e+01
5.608000000000000540e+00 1.754998739532655705e+01
5.624000000000000554e+00 1.783650655464787249e+01
5.639999999999999680e+00 1.810493273795110269e+01
5.655999999999999694e+00 1.835365318969995485e+01
5.671999999999999709e+00 1.858094780497130571e+01
5.687999999999999723e+00 1.878484452768607227e+01
5.703999999999999737e+00 1.896281002099100377e+01
5.719999999999999751e+00 1.911166231352111566e+01
5.735999999999999766e+00 1.922813454871914018e+01
5.751999999999999780e+00 1.930946465199227191e+01
5.767999999999999794e+00 1.935415253733008001e+01
5.783999999999999808e+00 1.936255480600610568e+01
5.799999999999999822e+00 1.933733307997070128e+01
5.815999999999999837e+00 1.928318411955595124e+01
5.831999999999999851e+00 1.920658868571840472e+01
5.847999999999999865e+00 1.911472131503133198e+01
5.863999999999999879e+00 1.901455679159057155e+01
5.879999999999999893e+00 1.891167304359092682e+01
5.895999999999999908e+00 1.881001162930859039e+01
5.911999999999999922e+00 1.871123985934882583e+01
5.927999999999999936e+00 1.861518859018534044e+01
5.943999999999999950e+00 1.852045906625896166e+01
5.959999999999999964e+00 1.842504247494646563e+01
5.975999999999999979e+00 1.832751845015124914e+01
5.991999999999999993e+00 1.822725736720986944e+01
6.008000000000000007e+00 1.812499987963256132e+01
6.024000000000000021e+00 1.802288333055181369e+01
6.040000000000000036e+00 1.792400721058729829e+01
6.056000000000000050e+00 1.783196095608652954e+01
6.072000000000000064e+00 1.775042722401144601e+01
6.088000000000000078e+00 1.768238185717320476e+01
6.104000000000000092e+00 1.763008688271499480e+01
6.120000000000000107e+00 1.759466476185896511e+01
6.136000000000000121e+00 1.757611911750726463e+01
6.152000000000000135e+00 1.757375558137049154e+01
6.168000000000000149e+00 1.758618939872340547e+01
6.184000000000000163e+00 1.761176309834554488e+01
6.200000000000000178e+00 1.764870135324087030e+01
6.216000000000000192e+00 1.769546792920792910e+01
6.232000000000000206e+00 1.775053051513483382e+01
6.248000000000000220e+00 1.781251547950880365e+01
6.264000000000000234e+00 1.787999565679528402e+01
6.280000000000000249e+00 1.795152276063970476e+01
6.296000000000000263e+00 1.802555510452284437e+01
6.312000000000000277e+00 1.810079644240349950e+01
6.328000000000000291e+00 1.817608345558054594e+01
6.344000000000000306e+00 1.825066830672918528e+01
6.360000000000000320e+00 1.832423144147674421e+01
6.376000000000000334e+00 1.839709430086596598e+01
6.392000000000000348e+00 1.847009519329485272e+01
6.408000000000000362e+00 1.854428126642127594e+01
6.424000000000000377e+00 1.862094910135303749e+01
6.440000000000000391e+00 1.870118941660301104e+01
6.456000000000000405e+00 1.878587962782808063e+01
6.472000000000000419e+00 1.887545226487276651e+01
6.488000000000000433e+00 1.896982830904295270e+01
6.504000000000000448e+00 1.906833159155538482e+01
6.520000000000000462e+00 1.916984528008388367e+01
6.536000000000000476e+00 1.927301711593430511e+01
6.552000000000000490e+00 1.937637139826509269e+01
6.568000000000000504e+00 1.947871254896550397e+01
6.584000000000000519e+00 1.957939784559298602e+01
6.600000000000000533e+00 1.967826160012597825e+01
6.616000000000000547e+00 1.977603882859687801e+01
6.632000000000000561e+00 1.987373600727102030e+01
6.648000000000000576e+00 1.997288892163045304e+01
6.664000000000000590e+00 2.007494933424808536e+01
6.679999999999999716e+00 2.018134203395826987e+01
6.695999999999999730e+00 2.029316433398756203e+01
6.711999999999999744e+00 2.041129076722727831e+01
6.727999999999999758e+00 2.053620605974233726e+01
6.743999999999999773e+00 2.066851294567032227e+01
6.759999999999999787e+00 2.080891160723215449e+01
6.775999999999999801e+00 2.095841693566400821e+01
6.791999999999999815e+00 2.111839927117279103e+01
6.807999999999999829e+00 2.129045089435567562e+01
6.823999999999999844e+00 2.147600574551987762e+01
6.839999999999999858e+00 2.167600850568958748e+01
6.855999999999999872e+00 2.189043534785263390e+01
6.871999999999999886e+00 2.211795353596511404e+01
6.887999999999999901e+00 2.235599022974914618e+01
6.903999999999999915e+00 2.260075121927030395e+01
6.919999999999999929e+00 2.284786152727322772e+01
6.935999999999999943e+00 2.309276997154286093e+01
6.951999999999999957e+00 2.333158460129100575e+01
6.967999999999999972e+00 2.356143155422684288e+01
6.983999999999999986e+00 2.378094628869812155e+01
7.000000000000000000e+00 2.399017347207213291e+01
7.016000000000000014e+00 2.419021956928844475e+01
7.032000000000000028e+00 2.438300650172858397e+01
7.048000000000000043e+00 2.457068367876496850e+01
7.064000000000000057e+00 2.475508962039656424e+01
7.080000000000000071e+00 2.493738631486484536e+01
7.096000000000000085e+00 2.511764842644568319e+01
7.112000000000000099e+00 2.529457737099062342e+01
7.128000000000000114e+00 2.546535095882618194e+01
7.144000000000000128e+00 2.562596525056407870e+01
7.160000000000000142e+00 2.577154193615693600e+01
7.176000000000000156e+00 2.589711105170824368e+01
7.192000000000000171e+00 2.599830169518050837e+01
7.208000000000000185e+00 2.607239684410477665e+01
7.224000000000000199e+00 2.611895015197722358e+01
7.240000000000000213e+00 2.614014762157833616e+01
7.256000000000000227e+00 2.614082843436278125e+01
7.272000000000000242e+00 2.612776154744935297e+01
7.288000000000000256e+00 2.610882601308794193e+01
7.304000000000000270e+00 2.609208071617357305e+01
7.320000000000000284e+00 2.608471973257820764e+01
7.336000000000000298e+00 2.609218075220382005e+01
7.352000000000000313e+00 2.611778417467946056e+01
7.368000000000000327e+00 2.616263212596599175e+01
7.384000000000000341e+00 2.622582774708300946e+01
7.400000000000000355e+00 2.630460712889589558e+01
7.416000000000000369e+00 2.639463800531303406e+01
7.432000000000000384e+00 2.649075226546487372e+01
7.448000000000000398e+00 2.658698615346716565e+01
7.464000000000000412e+00 2.667715834429611732e+01
7.480000000000000426e+00 2.675540660023682094e+01
7.496000000000000441e+00 2.681630181664834467e+01
7.512000000000000455e+00 2.685565958669972630e+01
7.528000000000000469e+00 2.687067307793743254e+01
7.544000000000000483e+00 2.686055582930782393e+01
7.560000000000000497e+00 2.682658503277169615e+01
7.576000000000000512e+00 2.677223681872201766e+01
7.592000000000000526e+00 2.670287896204928302e+01
7.608000000000000540e+00 2.662529749454095196e+01
7.624000000000000554e+00 2.654695842076948153e+01
7.640000000000000568e+00 2.647490085940071580e+01
7.656000000000000583e+00 2.641492534805582082e+01
7.672000000000000597e+00 2.637110702561377451e+01
7.687999999999999723e+00 2.634495468824932729e+01
7.703999999999999737e+00 2.633563890517984873e+01
7.719999999999999751e+00 2.634065378354011955e+01
7.735999999999999766e+00 2.635608316921285876e+01
7.751999999999999780e+00 2.637793363617937104e+01
7.767999999999999794e+00 2.640277820887255444e+01
7.783999999999999808e+00 2.642840524783447620e+01
7.799999999999999822e+00 2.645406364798259702e+01
7.815999999999999837e+00 2.648053968400841285e+01
7.831999999999999851e+00 2.651001869196382188e+01
7.847999999999999865e+00 2.654541006110254742e+01
7.863999999999999879e+00 2.659002930667020337e+01
7.879999999999999893e+00 2.664702641280754136e+01
7.895999999999999908e+00 2.671901610426705176e+01
7.911999999999999922e+00 2.680772839373923233e+01
7.927999999999999936e+00 2.691385575782928186e+01
7.943999999999999950e+00 2.703713571337465993e+01
7.959999999999999964e+00 2.717615419413028022e+01
7.975999999999999979e+00 2.732892085888676448e+01
7.991999999999999993e+00 2.749321700222045450e+01
8.007999999999999119e+00 2.766635189278266438e+01
8.023999999999999133e+00 2.784567730155897891e+01
8.039999999999999147e+00 2.802850500839841530e+01
8.055999999999999162e+00 2.821208071073309043e+01
8.071999999999999176e+00 2.839362602863599960e+01
8.087999999999999190e+00 2.856998062800325044e+01
8.103999999999999204e+00 2.873806716846965514e+01
8.119999999999999218e+00 2.889483229126896191e+01
8.135999999999999233e+00 2.903795977432947240e+01
8.151999999999999247e+00 2.916615196189846415e+01
8.167999999999999261e+00 2.927960926471540049e+01
8.183999999999999275e+00 2.938025234531179919e+01
8.199999999999999289e+00 2.947171751050141353e+01
8.215999999999999304e+00 2.955904546308936887e+01
8.231999999999999318e+00 2.964840106843863055e+01
8.247999999999999332e+00 2.974596353334252541e+01
8.263999999999999346e+00 2.985745964452560131e+01
8.279999999999999361e+00 2.998747998737484721e+01
8.295999999999999375e+00 3.013856235256286453e+01
8.311999999999999389e+00 3.031116266172354301e+01
8.327999999999999403e+00 3.050336090538735689e+01
8.343999999999999417e+00 3.071128453611923348e+01
8.359999999999999432e+00 3.092983723269502150e+01
8.375999999999999446e+00 3.115344698727637507e+01
8.391999999999999460e+00 3.137716917133184324e+01
8.407999999999999474e+00 3.159730843080821217e+01
8.423999999999999488e+00 3.181190888756372104e+01
8.439999999999999503e+00 3.202100308092958869e+01
8.455999999999999517e+00 3.222592073973753202e+01
8.471999999999999531e+00 3.242887989719316977e+01
8.487999999999999545e+00 3.263209429586189714e+01
8.503999999999999559e+00 3.283723052122332575e+01
8.519999999999999574e+00 3.304511629242430359e+01
8.535999999999999588e+00 3.325560967996936057e+01
8.551999999999999602e+00 3.346794309062962469e+01
8.567999999999999616e+00 3.368086528302804084e+01
8.583999999999999631e+00 3.389300035876119921e+01
8.599999999999999645e+00 3.410282280710286784e+01
8.615999999999999659e+00 3.430854802343708343e+01
8.631999999999999673e+00 3.450807421298222266e+01
8.647999999999999687e+00 3.469872403041127029e+01
8.663999999999999702e+00 3.487808897995247293e+01
8.679999999999999716e+00 3.504373295372084129e+01
8.695999999999999730e+00 3.519417785534123055e+01
8.711999999999999744e+00 3.532963196810740669e+01
8.727999999999999758e+00 3.545218765441339315e+01
8.743999999999999773e+00 3.556594005825277094e+01
8.759999999999999787e+00 3.567667262364024339e+01
8.775999999999999801e+00 3.579119451965742371e+01
8.791999999999999815e+00 3.591612049528041695e+01
8.807999999999999829e+00 3.605704680489569114e+01
8.823999999999999844e+00 3.621759756104457750e+01
8.839999999999999858e+00 3.639881225158123357e+01
8.855999999999999872e+00 3.659915714737263670e+01
8.871999999999999886e+00 3.681472449405967495e+01
8.887999999999999901e+00 3.703969791063271799e+01
8.903999999999999915e+00 3.726724590470941223e+01
8.919999999999999929e+00 3.749037512598940225e+01
8.935999999999999943e+00 3.770263716472692295e+01
8.951999999999999957e+00 3.789928462150201227e+01
8.967999999999999972e+00 3.807743009898383235e+01
8.983999999999999986e+00 3.823687176541317001e+01
9.000000000000000000e+00 3.837983188774919796e+01
9.016000000000000014e+00 3.851050652738314284e+01
9.032000000000000028e+00 3.863441124930921688e+01
9.048000000000000043e+00 3.875759697022894557e+01
9.064000000000000057e+00 3.888546995706619924e+01
9.080000000000000071e+00 3.902175923434772642e+01
9.096000000000000085e+00 3.916794294183205238e+01
9.112000000000000099e+00 3.932292620886416046e+01
9.128000000000000114e+00 3.948303231629201093e+01
9.144000000000000128e+00 3.964267427560806567e+01
9.160000000000000142e+00 3.979529529188447157e+01
9.176000000000000156e+00 3.993411769343648388e+01
9.192000000000000171e+00 4.005356876674844813e+01
9.208000000000000185e+00 4.014993510896746898e+01
9.224000000000000199e+00 4.022227644181619155e+01
9.239999999999998437e+00 4.027247863053280241e+01
9.255999999999998451e+00 4.030536530333537826e+01
9.271999999999998465e+00 4.032795804712466037e+01
9.287999999999998479e+00 4.034842231219314357e+01
9.303999999999998494e+00 4.037536111062016886e+01
9.319999999999998508e+00 4.041613461441880872e+01
9.335999999999998522e+00 4.047621000864921825e+01
9.351999999999998536e+00 4.055848067253687361e+01
9.367999999999998550e+00 4.066301832380223402e+01
9.383999999999998565e+00 4.078761222292883559e+01
9.399999999999998579e+00 4.092822990925129290e+01
9.415999999999998593e+00 4.107995323850426672e+01
9.431999999999998607e+00 4.123774388529149348e+01
9.447999999999998622e+00 4.139728391674118768e+01
9.463999999999998636e+00 4.155509565691812668e+01
9.479999999999998650e+00 4.170859006004106817e+01
9.495999999999998664e+00 4.185583482933287769e+01
9.511999999999998678e+00 4.199520186540542710e+01
9.527999999999998693e+00 4.212502150254519506e+01
9.543999999999998707e+00 4.224371228326863559e+01
9.559999999999998721e+00 4.234964771972229869e+01
9.575999999999998735e+00 4.244125902319495935e+01
9.591999999999998749e+00 4.251754365915871148e+01
9.607999999999998764e+00 4.257821284690741948e+01
9.623999999999998778e+00 4.262376760283778765e+01
9.639999999999998792e+00 4.265543187082692356e+01
9.655999999999998806e+00 4.267565670538902367e+01
9.671999999999998820e+00 4.268752421443642930e+01
9.687999999999998835e+00 4.269457938942280606e+01
9.703999999999998849e+00 4.270077417866495750e+01
9.719999999999998863e+00 4.271011934521323639e+01
9.735999999999998877e+00 4.272663928086580398e+01
9.751999999999998892e+00 4.275399440006891183e+01
9.767999999999998906e+00 4.279560108411934038e+01
9.783999999999998920e+00 4.285472403766613780e+01
9.799999999999998934e+00 4.293436110806765527e+01
9.815999999999998948e+00 4.303730227942494935e+01
9.831999999999998963e+00 4.316607982754695172e+01
9.847999999999998977e+00 4.332236435798814256e+01
9.863999999999998991e+00 4.350646176975863710e+01
9.879999999999999005e+00 4.371697313019411979e+01
9.895999999999999019e+00 4.395009266271087256e+01
9.911999999999999034e+00 4.419944167154203285e+01
9.927999999999999048e+00 4.445670292203243434e+01
9.943999999999999062e+00 4.471207145257837823e+01
9.959999999999999076e+00 4.495535670157895680e+01
9.975999999999999091e+00 4.517747927904047600e+01
9.991999999999999105e+00 4.537171870175060207e+01
1.000799999999999912e+01 4.553437468840233748e+01
1.002399999999999913e+01 4.566527487771587346e+01
1.003999999999999915e+01 4.576796173815343138e+01
1.005599999999999916e+01 4.584859045766702934e+01
1.007199999999999918e+01 4.591548029325508651e+01
1.008799999999999919e+01 4.597765121292895429e+01
1.010399999999999920e+01 4.604382069261539101e+01
1.011999999999999922e+01 4.612135192580261389e+01
1.013599999999999923e+01 4.621566119113310833e+01
1.015199999999999925e+01 4.632936147418612904e+01
1.016799999999999926e+01 4.646275790920863358e+01
1.018399999999999928e+01 4.661380929559034314e+01
1.019999999999999929e+01 4.677836897002961081e+01
1.021599999999999930e+01 4.695153607578874499e+01
1.023199999999999932e+01 4.712775366503008456e+01
1.024799999999999933e+01 4.730211768503624370e+01
1.026399999999999935e+01 4.747102365056257867e+01
1.027999999999999936e+01 4.763284744112567637e+01
1.029599999999999937e+01 4.778816765310829595e+01
1.031199999999999939e+01 4.793916296422411705e+01
1.032799999999999940e+01 4.808977233016962316e+01
1.034399999999999942e+01 4.824430674445329714e+01
1.035999999999999943e+01 4.840689115615749927e+01
1.037599999999999945e+01 4.858089215344137557e+01
1.039199999999999946e+01 4.876819388061991134e+01
1.040799999999999947e+01 4.896936979495079356e+01
1.042399999999999949e+01 4.918354490337476648e+01
1.043999999999999950e+01 4.940869955787110257e+01
1.045599999999999952e+01 4.964206143527495385e+01
1.047199999999999953e+01 4.987998411068343074e+01
1.048799999999999955e+01 5.011818419658420964e+01
1.050399999999999956e+01 5.035219171923930048e+01
1.051999999999999957e+01 5.057728236517336029e+01
1.053599999999999959e+01 5.078898486371942056e+01
1.055199999999999960e+01 5.098383777688068363e+01
1.056799999999999962e+01 5.115972720727593526e+01
1.058399999999999963e+01 5.131630418723364784e+01
1.059999999999999964e+01 5.145483555231886186e+01
1.061599999999999966e+01 5.157829699745037999e+01
1.063199999999999967e+01 5.169044843600644867e+01
1.064799999999999969e+01 5.179542119644900566e+01
1.066399999999999970e+01 5.189730106648337227e+01
1.067999999999999972e+01 5.199962090212144261e+01
1.069599999999999973e+01 5.210544677031585792e+01
1.071199999999999974e+01 5.221770452374967419e+01
1.072799999999999976e+01 5.233868920411401859e+01
1.074399999999999977e+01 5.247094490913029574e+01
1.075999999999999979e+01 5.261659023389816525e+01
1.077599999999999980e+01 5.277747240626985104e+01
1.079199999999999982e+01 5.295453158889134215e+01
1.080799999999999983e+01 5.314734239266842053e+01
1.082399999999999984e+01 5.335347178643302612e+01
1.083999999999999986e+01 5.356863112113038738e+01
1.085599999999999987e+01 5.378661374907304094e+01
1.087199999999999989e+01 5.400023896399615353e+01
1.088799999999999990e+01 5.420241044912739881e+01
1.090399999999999991e+01 5.438695327935425894e+01
1.091999999999999993e+01 5.455004005624582675e+01
1.093599999999999994e+01 5.469060495076912076e+01
1.095199999999999996e+01 5.481067473061142437e+01
1.096799999999999997e+01 5.491479516822903406e+01
1.098399999999999999e+01 5.500895162654677506e+01
1.100000000000000000e+01 5.509986992897740521e+01
1.101600000000000001e+01 5.519301151297680263e+01
1.103200000000000003e+01 5.529264699461850086e+01
1.104800000000000004e+01 5.540135422313795743e+01
1.106400000000000006e+01 5.551999619420278975e+01
1.108000000000000007e+01 5.564869991754416390e+01
1.109600000000000009e+01 5.578714151233499052e+01
1.111200000000000010e+01 5.593549401256443332e+01
1.112800000000000011e+01 5.609463146151484381e+01
1.114400000000000013e+01 5.626577369496806114e+01
1.116000000000000014e+01 5.644999809861839424e+01
1.117600000000000016e+01 5.664795522190546961e+01
1.119200000000000017e+01 5.685890313171019272e+01
1.120800000000000018e+01 5.708082579581571991e+01
1.122400000000000020e+01 5.731044264941172628e+01
1.124000000000000021e+01 5.754379881446905642e+01
1.125600000000000023e+01 5.777730652680448742e+01
1.127199999999999847e+01 5.800769623896411531e+01
1.128799999999999848e+01 5.823322392445879103e+01
1.130399999999999849e+01 5.845292031713659497e+01
1.131999999999999851e+01 5.866682276982218980e+01
1.133599999999999852e+01 5.887503649275286222e+01
1.135199999999999854e+01 5.907762970246331946e+01
1.136799999999999855e+01 5.927421145845136863e+01
1.138399999999999856e+01 5.946436726413156038e+01
1.139999999999999858e+01 5.964763764741117313e+01
1.141599999999999859e+01 5.982430272019104223e+01
1.143199999999999861e+01 5.999524618158540790e+01
1.144799999999999862e+01 6.016217034922003393e+01
1.146399999999999864e+01 6.032718961827951176e+01
1.147999999999999865e+01 6.049230921022313368e+01
1.149599999999999866e+01 6.065862323352111218e+01
1.151199999999999868e+01 6.082611461306574085e+01
1.152799999999999869e+01 6.099296622774457433e+01
1.154399999999999871e+01 6.115635419632967995e+01
1.155999999999999872e+01 6.131280308913750332e+01
1.157599999999999874e+01 6.145915723353975579e+01
1.159199999999999875e+01 6.159368830653087201e+01
1.160799999999999876e+01 6.171653066368010343e+01
1.162399999999999878e+01 6.183081363561031196e+01
1.163999999999999879e+01 6.194177424806191112e+01
1.165599999999999881e+01 6.205657130910584840e+01
1.167199999999999882e+01 6.218328887104628677e+01
1.168799999999999883e+01 6.232883336996000168e+01
1.170399999999999885e+01 6.249798714641702446e+01
1.171999999999999886e+01 6.269206846550659407e+01
1.173599999999999888e+01 6.290835418651580824e+01
1.175199999999999889e+01 6.314022667996094640e+01
1.176799999999999891e+01 6.337792964323576683e+01
1.178399999999999892e+01 6.361032533638758935e+01
1.179999999999999893e+01 6.382665140501997314e+01
1.181599999999999895e+01 6.401867224792366073e+01
1.183199999999999896e+01 6.418216614720381585e+01
1.184799999999999898e+01 6.431775992586301527e+01
1.186399999999999899e+01 6.443117742998501285e+01
1.187999999999999901e+01 6.453200019845699842e+01
1.189599999999999902e+01 6.463232838079292719e+01
1.191199999999999903e+01 6.474438724131636036e+01
1.192799999999999905e+01 6.487872300770354173e+01
1.194399999999999906e+01 6.504243506010571707e+01
1.195999999999999908e+01 6.523880850513673124e+01
1.197599999999999909e+01 6.546675662141628038e+01
1.199199999999999910e+01 6.572248782834131475e+01
1.200799999999999912e+01 6.600001584315617720e+01
1.202399999999999913e+01 6.629314888141522033e+01
1.203999999999999915e+01 6.659575527236114567e+01
1.205599999999999916e+01 6.690262353009568130e+01
1.207199999999999918e+01 6.720927676675199791e+01
1.208799999999999919e+01 6.751148395503754784e+01
1.210399999999999920e+01 6.780520834831723676e+01
1.211999999999999922e+01 6.808612182530656298e+01
1.213599999999999923e+01 6.834966341166904158e+01
1.215199999999999925e+01 6.859241908022090684e+01
1.216799999999999926e+01 6.881175416621253760e+01
1.218399999999999928e+01 6.900736665794821079e+01
1.219999999999999929e+01 6.918105655642645502e+01
1.221599999999999930e+01 6.933658501010050657e+01
1.223199999999999932e+01 6.947911734406656592e+01
1.224799999999999933e+01 6.961449017965621522e+01
1.226399999999999935e+01 6.974854854890523370e+01
1.227999999999999936e+01 6.988583114028530474e+01
1.229599999999999937e+01 7.003057808437326059e+01
1.231199999999999939e+01 7.018581325407130578e+01
1.232799999999999940e+01 7.035384065407032494e+01
1.234399999999999942e+01 7.053641947877041218e+01
1.235999999999999943e+01 7.073473391494454177e+01
1.237599999999999945e+01 7.094881948903170610e+01
1.239199999999999946e+01 7.117725914509497898e+01
1.240799999999999947e+01 7.141688892633987962e+01
1.242399999999999949e+01 7.166246247593804242e+01
1.243999999999999950e+01 7.190730119214720162e+01
1.245599999999999952e+01 7.214376725053502071e+01
1.247199999999999953e+01 7.236474613326470262e+01
1.248799999999999955e+01 7.256462576667166786e+01
1.250399999999999956e+01 7.274072026509915645e+01
1.251999999999999957e+01 7.289342944289865045e+01
1.253599999999999959e+01 7.302655009414931442e+01
1.255199999999999960e+01 7.314636576250511268e+01
1.256799999999999962e+01 7.326101999866240533e+01
1.258399999999999963e+01 7.337891881028809848e+01
1.259999999999999964e+01 7.350712669092247609e+01
1.261599999999999966e+01 7.365053259519480378e+01
1.263199999999999967e+01 7.381099980894254031e+01
1.264799999999999969e+01 7.398681663488929416e+01
1.266399999999999970e+01 7.417374101136022091e+01
1.267999999999999972e+01 7.436595608136943270e+01
1.269599999999999973e+01 7.455799046806805563e+01
1.271199999999999974e+01 7.474576879377640637e+01
1.272799999999999976e+01 7.492829459202866360e+01
1.274399999999999977e+01 7.510782846813097535e+01
1.275999999999999979e+01 7.528874010228442160e+01
1.277599999999999980e+01 7.547671965767510471e+01
1.279199999999999982e+01 7.567606619140637747e+01
1.280799999999999983e+01 7.588821884222323888e+01
1.282399999999999984e+01 7.611085693208882219e+01
1.283999999999999986e+01 7.633770223076044203e+01
1.285599999999999987e+01 7.656054957334154665e+01
1.287199999999999989e+01 7.677100824979416416e+01
1.288799999999999990e+01 7.696314572413329813e+01
1.290399999999999991e+01 7.713491220572866780e+01
1.291999999999999993e+01 7.728839622921782393e+01
1.293599999999999994e+01 7.742946473511044303e+01
1.295199999999999996e+01 7.756484355589505242e+01
1.296799999999999997e+01 7.770068018272155541e+01
1.298399999999999999e+01 7.784014961377650366e+01
1.300000000000000000e+01 7.798297421180006950e+01
1.301600000000000001e+01 7.812524295479477132e+01
1.303200000000000003e+01 7.826111973269225075e+01
1.304800000000000004e+01 7.838480969022640465e+01
1.306400000000000006e+01 7.849235876610859464e+01
1.308000000000000007e+01 7.858352935530541572e+01
1.309600000000000009e+01 7.866241504854951927e+01
1.311200000000000010e+01 7.873746409869174556e+01
1.312800000000000011e+01 7.882013124343264110e+01
1.314400000000000013e+01 7.892339274823973483e+01
1.316000000000000014e+01 7.905960881268451601e+01
1.317600000000000016e+01 7.923833607833273618e+01
1.319200000000000017e+01 7.946452723651778172e+01
1.320800000000000018e+01 7.973778238843750898e+01
1.322400000000000020e+01 8.005155464907541329e+01
1.324000000000000021e+01 8.039459973970276963e+01
1.325600000000000023e+01 8.075264876935774794e+01
1.327200000000000024e+01 8.111022093602674943e+01
1.328800000000000026e+01 8.145334259649627029e+01
1.330400000000000027e+01 8.177104079466079156e+01
1.332000000000000028e+01 8.205635865444939725e+01
1.333599999999999852e+01 8.230604437926422179e+01
1.335199999999999854e+01 8.251994323693635636e+01
1.336799999999999855e+01 8.270000665725227407e+01
1.338399999999999856e+01 8.284847608583673662e+01
1.339999999999999858e+01 8.296812194963287368e+01
1.341599999999999859e+01 8.306206338307501369e+01
1.343199999999999861e+01 8.313371478030711614e+01
1.344799999999999862e+01 8.318840401881737989e+01
1.346399999999999864e+01 8.323289574507334976e+01
1.347999999999999865e+01 8.327635232768942330e+01
1.349599999999999866e+01 8.332896524563233243e+01
1.351199999999999868e+01 8.340088403282817353e+01
1.352799999999999869e+01 8.350080885179488632e+01
1.354399999999999871e+01 8.363393307991874792e+01
1.355999999999999872e+01 8.380115842216662259e+01
1.357599999999999874e+01 8.399889045113664565e+01
1.359199999999999875e+01 8.421925885974088999e+01
1.360799999999999876e+01 8.445222135518535822e+01
1.362399999999999878e+01 8.468711144770254862e+01
1.363999999999999879e+01 8.491505576719586657e+01
1.365599999999999881e+01 8.513020013220442195e+01
1.367199999999999882e+01 8.533137895491816494e+01
1.368799999999999883e+01 8.552152886966975132e+01
1.370399999999999885e+01 8.570675823898244516e+01
1.371999999999999886e+01 8.589453944436453980e+01
1.373599999999999888e+01 8.609202074794070825e+01
1.375199999999999889e+01 8.630427844969695172e+01
1.376799999999999891e+01 8.653347491499965827e+01
1.378399999999999892e+01 8.677840666278353865e+01
1.379999999999999893e+01 8.703546977854952615e+01
1.381599999999999895e+01 8.729934521887513199e+01
1.383199999999999896e+01 8.756413654882364028e+01
1.384799999999999898e+01 8.782391541172076188e+01
1.386399999999999899e+01 8.807330261410275796e+01
1.387999999999999901e+01 8.830776800455504372e+01
1.389599999999999902e+01 8.852308411522253095e+01
1.391199999999999903e+01 8.871595853693037270e+01
1.392799999999999905e+01 8.888405282951988795e+01
1.394399999999999906e+01 8.902679425016854964e+01
1.395999999999999908e+01 8.914625240228596681e+01
1.397599999999999909e+01 8.924758634108528099e+01
1.399199999999999910e+01 8.933940566012790896e+01
1.400799999999999912e+01 8.943309434457214024e+01
1.402399999999999913e+01 8.954127954263294953e+01
1.403999999999999915e+01 8.967658695277279435e+01
1.405599999999999916e+01 8.984874594177696849e+01
1.407199999999999918e+01 9.006345597823766980e+01
1.408799999999999919e+01 9.032133889782980418e+01
1.410399999999999920e+01 9.061768962466962307e+01
1.411999999999999922e+01 9.094334715444034600e+01
1.413599999999999923e+01 9.128634065477767479e+01
1.415199999999999925e+01 9.163376613464389209e+01
1.416799999999999926e+01 9.197376713039044205e+01
1.418399999999999928e+01 9.229684867513142876e+01
1.419999999999999929e+01 9.259678927343829002e+01
1.421599999999999930e+01 9.287071354894247577e+01
1.423199999999999932e+01 9.311840995799227017e+01
1.424799999999999933e+01 9.334171022201061874e+01
1.426399999999999935e+01 9.354303644824564401e+01
1.427999999999999936e+01 9.372512169625863976e+01
1.429599999999999937e+01 9.388993241617117747e+01
1.431199999999999939e+01 9.403895190424344719e+01
1.432799999999999940e+01 9.417321707111935325e+01
1.434399999999999942e+01 9.429405687679893333e+01
1.435999999999999943e+01 9.440391468176116518e+01
1.437599999999999945e+01 9.450729134163721312e+01
1.439199999999999946e+01 9.461081130919058069e+01
1.440799999999999947e+01 9.472316255323600842e+01
1.442399999999999949e+01 9.485475115569794013e+01
1.443999999999999950e+01 9.501585943963871728e+01
1.445599999999999952e+01 9.521477571271417162e+01
1.447199999999999953e+01 9.545609316497342434e+01
1.448799999999999955e+01 9.573925126839309030e+01
1.450399999999999956e+01 9.605782388646763081e+01
1.451999999999999957e+01 9.639935769182750391e+01
1.453599999999999959e+01 9.674757749410292718e+01
1.455199999999999960e+01 9.708466440950495269e+01
1.456799999999999962e+01 9.739380561344844978e+01
1.458399999999999963e+01 9.766249097218525321e+01
1.459999999999999964e+01 9.788415638434446464e+01
1.461599999999999966e+01 9.805949091900561143e+01
1.463199999999999967e+01 9.819595225519853443e+01
1.464799999999999969e+01 9.830612539577535358e+01
1.466399999999999970e+01 9.840551269062275708e+01
1.467999999999999972e+01 9.850970482226362890e+01
1.469599999999999973e+01 9.863214288659462170e+01
1.471199999999999974e+01 9.878233751660933137e+01
1.472799999999999976e+01 9.896490485288919103e+01
1.474399999999999977e+01 9.917993201472374665e+01
1.475999999999999979e+01 9.942297237581291824e+01
1.477599999999999980e+01 9.968738205087467463e+01
1.479199999999999982e+01 9.996467541073441510e+01
1.480799999999999983e+01 1.002468219954594275e+02
1.482399999999999984e+01 1.005270452260191689e+02
1.483999999999999986e+01 1.008014502767957481e+02
1.485599999999999987e+01 1.010694085475271180e+02
1.487199999999999989e+01 1.013334410398155825e+02
1.488799999999999990e+01 1.015986116499900618e+02
1.490399999999999991e+01 1.018718037740418083e+02
1.491999999999999993e+01 1.021593343783378032e+02
1.493599999999999994e+01 1.024653437721577376e+02
1.495199999999999996e+01 1.027904949851615868e+02
1.496799999999999997e+01 1.031307736706807248e+02
1.498399999999999999e+01 1.034777178103871336e+02
1.500000000000000000e+01 1.038191993863657956e+02
1.501600000000000001e+01 1.041418332448110675e+02
1.503200000000000003e+01 1.044328958892870816e+02
1.504800000000000004e+01 1.046829958638158899e+02
1.506400000000000006e+01 1.048879739288198323e+02
1.508000000000000007e+01 1.050491812223485795e+02
1.509600000000000009e+01 1.051740861192276100e+02
1.511200000000000010e+01 1.052741890246486207e+02
1.512800000000000011e+01 1.053634735482021654e+02
1.514400000000000013e+01 1.054556288574796952e+02
1.516000000000000014e+01 1.055626151569713898e+02
1.517600000000000016e+01 1.056924813913999230e+02
1.519200000000000017e+01 1.058490610831025549e+02
1.520800000000000018e+01 1.060322912443347718e+02
1.522400000000000020e+01 1.062388968767469350e+02
1.524000000000000021e+01 1.064641257235040115e+02
1.525600000000000023e+01 1.067026585658730227e+02
1.527200000000000024e+01 1.069495059581866485e+02
1.528800000000000026e+01 1.072011385396764922e+02
1.530400000000000027e+01 1.074557218192413757e+02
1.532000000000000028e+01 1.077130088071236003e+02
1.533600000000000030e+01 1.079745632594465405e+02
1.535200000000000031e+01 1.082428397076691056e+02
1.536799999999999855e+01 1.085210617260668187e+02
1.538399999999999856e+01 1.088118079517594339e+02
1.539999999999999858e+01 1.091160122005964439e+02
1.541599999999999859e+01 1.094321861171770820e+02
1.543199999999999861e+01 1.097551151876033089e+02
1.544799999999999862e+01 1.100763263242797052e+02
1.546399999999999864e+01 1.103844390785874339e+02
1.547999999999999865e+01 1.106668413151461294e+02
1.549599999999999866e+01 1.109113914254537150e+02
1.551199999999999868e+01 1.111093219803534708e+02
1.552799999999999869e+01 1.112574645733863861e+02
1.554399999999999871e+01 1.113592676772939853e+02
1.555999999999999872e+01 1.114253097483598509e+02
1.557599999999999874e+01 1.114732856932074867e+02
1.559199999999999875e+01 1.115247331102361699e+02
1.560799999999999876e+01 1.116027088897372153e+02
1.562399999999999878e+01 1.117276877980538075e+02
1.563999999999999879e+01 1.119146807671538539e+02
1.565599999999999881e+01 1.121701206216807378e+02
1.567199999999999882e+01 1.124904955598741765e+02
1.568799999999999883e+01 1.128629749702555642e+02
1.570399999999999885e+01 1.132669698682003911e+02
1.571999999999999886e+01 1.136780438071696722e+02
1.573599999999999888e+01 1.140714899288014124e+02
1.575199999999999889e+01 1.144265796384206340e+02
1.576799999999999891e+01 1.147293756350795491e+02
1.578399999999999892e+01 1.149743435816112935e+02
1.579999999999999893e+01 1.151643598644464959e+02
1.581599999999999895e+01 1.153088038733537815e+02
1.583199999999999896e+01 1.154214047249267736e+02
1.584799999999999898e+01 1.155162441173147556e+02
1.586399999999999899e+01 1.156054685137447109e+02
1.587999999999999901e+01 1.156975646301879266e+02
1.589599999999999902e+01 1.157955312024980685e+02
1.591199999999999903e+01 1.158980686062996028e+02
1.592799999999999905e+01 1.160002077762654551e+02
1.594399999999999906e+01 1.160947684713839294e+02
1.595999999999999908e+01 1.161740569216062227e+02
1.597599999999999909e+01 1.162311581398464710e+02
1.599200000000000088e+01 1.162610668700071699e+02
