# r J(r)
8.000000000000000167e-03 0.000000000000000000e+00
2.400000000000000050e-02 0.000000000000000000e+00
4.000000000000000083e-02 0.000000000000000000e+00
5.600000000000000117e-02 0.000000000000000000e+00
7.200000000000000844e-02 0.000000000000000000e+00
8.799999999999999489e-02 0.000000000000000000e+00
1.040000000000000091e-01 0.000000000000000000e+00
1.199999999999999956e-01 0.000000000000000000e+00
1.360000000000000098e-01 0.000000000000000000e+00
1.520000000000000240e-01 0.000000000000000000e+00
1.680000000000000104e-01 0.000000000000000000e+00
1.839999999999999969e-01 0.000000000000000000e+00
2.000000000000000111e-01 0.000000000000000000e+00
2.160000000000000253e-01 0.000000000000000000e+00
2.320000000000000118e-01 0.000000000000000000e+00
2.479999999999999982e-01 0.000000000000000000e+00
2.640000000000000124e-01 0.000000000000000000e+00
2.800000000000000266e-01 0.000000000000000000e+00
2.960000000000000409e-01 0.000000000000000000e+00
3.119999999999999996e-01 0.000000000000000000e+00
3.280000000000000138e-01 0.000000000000000000e+00
3.440000000000000280e-01 0.000000000000000000e+00
3.599999999999999867e-01 0.000000000000000000e+00
3.760000000000000009e-01 0.000000000000000000e+00
3.920000000000000151e-01 0.000000000000000000e+00
4.080000000000000293e-01 0.000000000000000000e+00
4.240000000000000435e-01 0.000000000000000000e+00
4.400000000000000022e-01 0.000000000000000000e+00
4.560000000000000164e-01 0.000000000000000000e+00
4.720000000000000306e-01 0.000000000000000000e+00
4.879999999999999893e-01 0.000000000000000000e+00
5.040000000000000036e-01 0.000000000000000000e+00
5.200000000000000178e-01 0.000000000000000000e+00
5.360000000000000320e-01 0.000000000000000000e+00
5.520000000000000462e-01 0.000000000000000000e+00
5.680000000000000604e-01 0.000000000000000000e+00
5.840000000000000746e-01 0.000000000000000000e+00
5.999999999999999778e-01 0.000000000000000000e+00
6.159999999999999920e-01 0.000000000000000000e+00
6.320000000000000062e-01 0.000000000000000000e+00
6.480000000000000204e-01 0.000000000000000000e+00
6.640000000000000346e-01 0.000000000000000000e+00
6.800000000000000488e-01 0.000000000000000000e+00
6.960000000000000631e-01 0.000000000000000000e+00
7.119999999999999662e-01 0.000000000000000000e+00
7.279999999999999805e-01 0.000000000000000000e+00
7.439999999999999947e-01 0.000000000000000000e+00
7.600000000000000089e-01 0.000000000000000000e+00
7.760000000000000231e-01 0.000000000000000000e+00
7.920000000000000373e-01 0.000000000000000000e+00
8.080000000000000515e-01 0.000000000000000000e+00
8.240000000000000657e-01 0.000000000000000000e+00
8.400000000000000799e-01 0.000000000000000000e+00
8.559999999999999831e-01 0.000000000000000000e+00
8.719999999999999973e-01 0.000000000000000000e+00
8.880000000000000115e-01 0.000000000000000000e+00
9.040000000000000258e-01 0.000000000000000000e+00
9.200000000000000400e-01 0.000000000000000000e+00
9.360000000000000542e-01 0.000000000000000000e+00
9.520000000000000684e-01 0.000000000000000000e+00
9.679999999999999716e-01 0.000000000000000000e+00
9.839999999999999858e-01 0.000000000000000000e+00
1.000000000000000000e+00 0.000000000000000000e+00
1.016000000000000014e+00 0.000000000000000000e+00
1.032000000000000028e+00 0.000000000000000000e+00
1.048000000000000043e+00 0.000000000000000000e+00
1.064000000000000057e+00 0.000000000000000000e+00
1.080000000000000071e+00 0.000000000000000000e+00
1.096000000000000085e+00 0.000000000000000000e+00
1.112000000000000099e+00 0.000000000000000000e+00
1.128000000000000114e+00 0.000000000000000000e+00
1.144000000000000128e+00 0.000000000000000000e+00
1.160000000000000142e+00 0.000000000000000000e+00
1.175999999999999934e+00 0.000000000000000000e+00
1.191999999999999948e+00 0.000000000000000000e+00
1.207999999999999963e+00 0.000000000000000000e+00
1.223999999999999977e+00 0.000000000000000000e+00
1.239999999999999991e+00 0.000000000000000000e+00
1.256000000000000005e+00 0.000000000000000000e+00
1.272000000000000020e+00 0.000000000000000000e+00
1.288000000000000034e+00 0.000000000000000000e+00
1.304000000000000048e+00 0.000000000000000000e+00
1.320000000000000062e+00 0.000000000000000000e+00
1.336000000000000076e+00 0.000000000000000000e+00
1.352000000000000091e+00 0.000000000000000000e+00
1.368000000000000105e+00 0.000000000000000000e+00
1.384000000000000119e+00 0.000000000000000000e+00
1.400000000000000133e+00 0.000000000000000000e+00
1.415999999999999925e+00 0.000000000000000000e+00
1.431999999999999940e+00 0.000000000000000000e+00
1.447999999999999954e+00 0.000000000000000000e+00
1.463999999999999968e+00 0.000000000000000000e+00
1.479999999999999982e+00 0.000000000000000000e+00
1.495999999999999996e+00 0.000000000000000000e+00
1.512000000000000011e+00 0.000000000000000000e+00
1.528000000000000025e+00 0.000000000000000000e+00
1.544000000000000039e+00 0.000000000000000000e+00
1.560000000000000053e+00 0.000000000000000000e+00
1.576000000000000068e+00 0.000000000000000000e+00
1.592000000000000082e+00 0.000000000000000000e+00
1.608000000000000096e+00 0.000000000000000000e+00
1.624000000000000110e+00 0.000000000000000000e+00
1.640000000000000124e+00 0.000000000000000000e+00
1.656000000000000139e+00 0.000000000000000000e+00
1.672000000000000153e+00 0.000000000000000000e+00
1.687999999999999945e+00 0.000000000000000000e+00
1.703999999999999959e+00 0.000000000000000000e+00
1.719999999999999973e+00 0.000000000000000000e+00
1.735999999999999988e+00 0.000000000000000000e+00
1.752000000000000002e+00 0.000000000000000000e+00
1.768000000000000016e+00 0.000000000000000000e+00
1.784000000000000030e+00 0.000000000000000000e+00
1.800000000000000044e+00 0.000000000000000000e+00
1.816000000000000059e+00 0.000000000000000000e+00
1.832000000000000073e+00 0.000000000000000000e+00
1.848000000000000087e+00 0.000000000000000000e+00
1.864000000000000101e+00 0.000000000000000000e+00
1.880000000000000115e+00 0.000000000000000000e+00
1.896000000000000130e+00 0.000000000000000000e+00
1.912000000000000144e+00 0.000000000000000000e+00
1.927999999999999936e+00 0.000000000000000000e+00
1.943999999999999950e+00 0.000000000000000000e+00
1.959999999999999964e+00 0.000000000000000000e+00
1.975999999999999979e+00 0.000000000000000000e+00
1.991999999999999993e+00 3.345876509606807451e-06
2.008000000000000007e+00 2.068244357959998496e-05
2.024000000000000021e+00 7.795261842831848528e-05
2.040000000000000036e+00 2.268871002827032007e-04
2.056000000000000050e+00 5.829289979930852260e-04
2.072000000000000064e+00 1.313629238580349022e-03
2.088000000000000078e+00 2.826402368431566933e-03
2.104000000000000092e+00 5.731554736544099832e-03
2.120000000000000107e+00 1.111252487304360652e-02
2.136000000000000121e+00 2.071545739943523798e-02
2.152000000000000135e+00 3.719161099720308394e-02
2.168000000000000149e+00 6.449014754688164874e-02
2.184000000000000163e+00 1.083445665271092345e-01
2.200000000000000178e+00 1.764090218345167327e-01
2.216000000000000192e+00 2.787124957235991851e-01
2.232000000000000206e+00 4.275579997228928786e-01
2.248000000000000220e+00 6.373338410898997664e-01
2.264000000000000234e+00 9.236313829175469836e-01
2.280000000000000249e+00 1.301993411471351392e+00
2.296000000000000263e+00 1.786136599367353472e+00
2.312000000000000277e+00 2.385735650442364797e+00
2.327999999999999847e+00 3.103936891903116724e+00
2.343999999999999861e+00 3.935213672099857174e+00
2.359999999999999876e+00 4.863622249974139500e+00
2.375999999999999890e+00 5.862073427420407157e+00
2.391999999999999904e+00 6.892883185864596030e+00
2.407999999999999918e+00 7.909771668480756190e+00
2.423999999999999932e+00 8.861188274201687420e+00
2.439999999999999947e+00 9.694732575190688095e+00
2.455999999999999961e+00 1.036202796613660482e+01
2.471999999999999975e+00 1.082352816749592073e+01
2.487999999999999989e+00 1.105245813365789687e+01
2.504000000000000004e+00 1.103741157870820899e+01
2.520000000000000018e+00 1.078323890899926241e+01
2.536000000000000032e+00 1.031017103219015141e+01
2.552000000000000046e+00 9.651350884637276195e+00
2.568000000000000060e+00 8.849172377723142802e+00
2.584000000000000075e+00 7.951020530244462314e+00
2.600000000000000089e+00 7.004968443992619420e+00
2.616000000000000103e+00 6.055894233953913464e+00
2.632000000000000117e+00 5.142476986317619847e+00
2.648000000000000131e+00 4.295237011016745043e+00
2.664000000000000146e+00 3.535640721070921533e+00
2.680000000000000160e+00 2.876242421608096400e+00
2.696000000000000174e+00 2.321592343419920379e+00
2.712000000000000188e+00 1.869646941734802281e+00
2.728000000000000203e+00 1.513454296371839591e+00
2.744000000000000217e+00 1.242813610407293767e+00
2.760000000000000231e+00 1.045989132226690543e+00
2.776000000000000245e+00 9.108185993019302096e-01
2.792000000000000259e+00 8.257857148088656452e-01
2.808000000000000274e+00 7.806770130939326702e-01
2.823999999999999844e+00 7.667732967161030588e-01
2.839999999999999858e+00 7.770917870596215637e-01
2.855999999999999872e+00 8.063450096045570170e-01
2.871999999999999886e+00 8.506312267272144734e-01
2.887999999999999901e+00 9.072855033542107650e-01
2.903999999999999915e+00 9.745956322414424111e-01
2.919999999999999929e+00 1.051625892112235006e+00
2.935999999999999943e+00 1.137959636220490900e+00
2.951999999999999957e+00 1.233536998739507728e+00
2.967999999999999972e+00 1.338612585488657913e+00
2.983999999999999986e+00 1.453694728980865936e+00
3.000000000000000000e+00 1.579427377669497812e+00
3.016000000000000014e+00 1.716506870428436526e+00
3.032000000000000028e+00 1.865701635106580714e+00
3.048000000000000043e+00 2.027523017680062267e+00
3.064000000000000057e+00 2.202144569382183725e+00
3.080000000000000071e+00 2.389225489037321015e+00
3.096000000000000085e+00 2.587846602301673737e+00
3.112000000000000099e+00 2.796678003726167372e+00
3.128000000000000114e+00 3.014057838509945686e+00
3.144000000000000128e+00 3.238445541068077471e+00
3.160000000000000142e+00 3.468606164196562425e+00
3.176000000000000156e+00 3.703912409623945301e+00
3.192000000000000171e+00 3.944353255993036989e+00
3.208000000000000185e+00 4.190366983638776688e+00
3.224000000000000199e+00 4.442655589082736611e+00
3.240000000000000213e+00 4.701624480837273801e+00
3.256000000000000227e+00 4.967252295671975126e+00
3.272000000000000242e+00 5.238879793265521556e+00
3.288000000000000256e+00 5.515184384330245493e+00
3.304000000000000270e+00 5.794439147917421984e+00
3.320000000000000284e+00 6.074938021424331147e+00
3.336000000000000298e+00 6.355325862406915327e+00
3.351999999999999869e+00 6.634892402130073918e+00
3.367999999999999883e+00 6.913753594355846133e+00
3.383999999999999897e+00 7.192825470762344686e+00
3.399999999999999911e+00 7.473520688176784610e+00
3.415999999999999925e+00 7.757489259181321373e+00
3.431999999999999940e+00 8.046230970731226506e+00
3.447999999999999954e+00 8.340542777126611185e+00
3.463999999999999968e+00 8.640425659768611766e+00
3.479999999999999982e+00 8.944854705051666244e+00
3.495999999999999996e+00 9.251626629906224863e+00
3.512000000000000011e+00 9.557806719719142308e+00
3.528000000000000025e+00 9.859748826584363357e+00
3.544000000000000039e+00 1.015364655738381217e+01
3.560000000000000053e+00 1.043575420944431009e+01
3.576000000000000068e+00 1.070314417228404125e+01
3.592000000000000082e+00 1.095360846179017145e+01
3.608000000000000096e+00 1.118617919318494991e+01
3.624000000000000110e+00 1.140091656447868473e+01
3.640000000000000124e+00 1.159885329191308934e+01
3.656000000000000139e+00 1.178154695662648166e+01
3.672000000000000153e+00 1.195095923938486315e+01
3.688000000000000167e+00 1.210868355745395597e+01
3.704000000000000181e+00 1.225593057656474549e+01
3.720000000000000195e+00 1.239328195659895115e+01
3.736000000000000210e+00 1.252044044484244800e+01
3.752000000000000224e+00 1.263637421018558449e+01
3.768000000000000238e+00 1.273932837169940058e+01
3.784000000000000252e+00 1.282699067232936230e+01
3.800000000000000266e+00 1.289651362885791208e+01
3.816000000000000281e+00 1.294476896998915016e+01
3.832000000000000295e+00 1.296836584879650722e+01
3.847999999999999865e+00 1.296369744149409442e+01
3.863999999999999879e+00 1.292729991715438054e+01
3.879999999999999893e+00 1.285592895247187606e+01
3.895999999999999908e+00 1.274712235397397286e+01
3.911999999999999922e+00 1.259933718216525556e+01
3.927999999999999936e+00 1.241251666456900260e+01
3.943999999999999950e+00 1.218833181973420032e+01
3.959999999999999964e+00 1.193026955774215558e+01
3.975999999999999979e+00 1.164355618408305659e+01
3.991999999999999993e+00 1.133490535043392100e+01
4.008000000000000007e+00 1.101187655962054635e+01
4.024000000000000021e+00 1.068228605067307768e+01
4.040000000000000036e+00 1.035355440410385697e+01
4.056000000000000050e+00 1.003202644437580560e+01
4.072000000000000064e+00 9.722495980587941844e+00
4.088000000000000078e+00 9.428012800484680156e+00
4.104000000000000092e+00 9.149948195428482478e+00
4.120000000000000107e+00 8.888051735525897001e+00
4.136000000000000121e+00 8.641104611182711892e+00
4.152000000000000135e+00 8.407408317184561497e+00
4.168000000000000149e+00 8.185350549140226306e+00
4.184000000000000163e+00 7.974089502866998913e+00
4.200000000000000178e+00 7.773750506565209939e+00
4.216000000000000192e+00 7.585500538346086508e+00
4.232000000000000206e+00 7.411102336515015487e+00
4.248000000000000220e+00 7.252785426096042265e+00
4.264000000000000234e+00 7.112320388396145887e+00
4.280000000000000249e+00 6.990643793141070539e+00
4.296000000000000263e+00 6.887665310448244149e+00
4.312000000000000277e+00 6.802286326767359448e+00
4.328000000000000291e+00 6.732466153160905797e+00
4.344000000000000306e+00 6.675981356968687663e+00
4.360000000000000320e+00 6.630520826036062410e+00
4.376000000000000334e+00 6.594061549987716653e+00
4.392000000000000348e+00 6.565018836068555963e+00
4.408000000000000362e+00 6.542167949839435614e+00
4.424000000000000377e+00 6.524496727199572632e+00
4.440000000000000391e+00 6.511170313490740824e+00
4.456000000000000405e+00 6.501434484777459666e+00
4.472000000000000419e+00 6.494733598755989767e+00
4.488000000000000433e+00 6.490711571713831063e+00
4.504000000000000448e+00 6.489554014049102371e+00
4.520000000000000462e+00 6.491790081115854427e+00
4.536000000000000476e+00 6.498343524322864440e+00
4.552000000000000490e+00 6.510269568497769832e+00
4.568000000000000504e+00 6.528618505287980156e+00
4.584000000000000519e+00 6.554095077194222796e+00
4.600000000000000533e+00 6.586994277894881122e+00
4.616000000000000547e+00 6.627002737553336686e+00
4.631999999999999673e+00 6.673239286063322062e+00
4.647999999999999687e+00 6.724505180355640377e+00
4.663999999999999702e+00 6.779474132917701290e+00
4.679999999999999716e+00 6.836876941631653715e+00
4.695999999999999730e+00 6.895754842603420087e+00
4.711999999999999744e+00 6.955634169642864961e+00
4.727999999999999758e+00 7.016606893613607454e+00
4.743999999999999773e+00 7.079200032708591550e+00
4.759999999999999787e+00 7.144246104478312986e+00
4.775999999999999801e+00 7.212791935116569242e+00
4.791999999999999815e+00 7.285843605339020534e+00
4.807999999999999829e+00 7.364238831050037959e+00
4.823999999999999844e+00 7.448692362226703167e+00
4.839999999999999858e+00 7.539536804190176689e+00
4.855999999999999872e+00 7.636900590153874901e+00
4.871999999999999886e+00 7.740467023604479024e+00
4.887999999999999901e+00 7.849629835660265620e+00
4.903999999999999915e+00 7.963369013188551726e+00
4.919999999999999929e+00 8.080433793545601873e+00
4.935999999999999943e+00 8.199510356037819747e+00
4.951999999999999957e+00 8.319321825178759511e+00
4.967999999999999972e+00 8.439013519176800315e+00
4.983999999999999986e+00 8.558415822714408705e+00
5.000000000000000000e+00 8.678154243868673845e+00
5.016000000000000014e+00 8.799940131444243363e+00
5.032000000000000028e+00 8.926266786320319113e+00
5.048000000000000043e+00 9.060353631093834181e+00
5.064000000000000057e+00 9.205574208585089124e+00
5.080000000000000071e+00 9.365210554404983512e+00
5.096000000000000085e+00 9.542007688911644081e+00
5.112000000000000099e+00 9.737790684391276486e+00
5.128000000000000114e+00 9.953406409140713507e+00
5.144000000000000128e+00 1.018890821895043430e+01
5.160000000000000142e+00 1.044347852462347603e+01
5.176000000000000156e+00 1.071594298154713876e+01
5.192000000000000171e+00 1.100487412356782535e+01
5.208000000000000185e+00 1.130900361493648454e+01
5.224000000000000199e+00 1.162723428123112868e+01
5.240000000000000213e+00 1.195875687495628092e+01
5.256000000000000227e+00 1.230295567596288819e+01
5.272000000000000242e+00 1.265946438864609824e+01
5.288000000000000256e+00 1.302800238489525597e+01
5.304000000000000270e+00 1.340840859930302287e+01
5.320000000000000284e+00 1.380057443449184973e+01
5.336000000000000298e+00 1.420439047619026063e+01
5.352000000000000313e+00 1.461979028944126213e+01
5.368000000000000327e+00 1.504656173648662865e+01
5.384000000000000341e+00 1.548422103538155170e+01
5.400000000000000355e+00 1.593193515542329308e+01
5.416000000000000369e+00 1.638826708156967271e+01
5.432000000000000384e+00 1.685100301146110269e+01
5.448000000000000398e+00 1.731718079730400461e+01
5.464000000000000412e+00 1.778298431055826612e+01
5.480000000000000426e+00 1.824392594575455462e+01
5.496000000000000441e+00 1.869514568942696187e+01
5.512000000000000455e+00 1.913151372917275239e+01
5.528000000000000469e+00 1.954820904558332728e+01
5.544000000000000483e+00 1.994077509505808266e+01
5.560000000000000497e+00 2.030535853280163394e+01
5.576000000000000512e+00 2.063886842024152912e+01
5.592000000000000526e+00 2.093916761269781546e+01
5.608000000000000540e+00 2.120496283283376826e+01
5.624000000000000554e+00 2.143600688076422855e+01
5.639999999999999680e+00 2.163308994927125894e+01
5.655999999999999694e+00 2.179804240719447606e+01
5.671999999999999709e+00 2.193357353602526416e+01
5.687999999999999723e+00 2.204299150599730694e+01
5.703999999999999737e+00 2.212984401479524266e+01
5.719999999999999751e+00 2.219738284155252472e+01
5.735999999999999766e+00 2.224799969777119202e+01
5.751999999999999780e+00 2.228289182038379224e+01
5.767999999999999794e+00 2.230199897454969715e+01
5.783999999999999808e+00 2.230374919737391437e+01
5.799999999999999822e+00 2.228573580385905117e+01
5.815999999999999837e+00 2.224500964780884615e+01
5.831999999999999851e+00 2.217879804452715220e+01
5.847999999999999865e+00 2.208537691644714229e+01
5.863999999999999879e+00 2.196423032142199361e+01
5.879999999999999893e+00 2.181668548049940881e+01
5.895999999999999908e+00 2.164580767258114236e+01
5.911999999999999922e+00 2.145623059429411583e+01
5.927999999999999936e+00 2.125356919703897773e+01
5.943999999999999950e+00 2.104381796192852150e+01
5.959999999999999964e+00 2.083253120071345776e+01
5.975999999999999979e+00 2.062451137915105903e+01
5.991999999999999993e+00 2.042328902640400656e+01
6.008000000000000007e+00 2.023106848105405575e+01
6.024000000000000021e+00 2.004913401039955545e+01
6.040000000000000036e+00 1.987793522644252064e+01
6.056000000000000050e+00 1.971781934194808272e+01
6.072000000000000064e+00 1.956917315807217150e+01
6.088000000000000078e+00 1.943285753131398153e+01
6.104000000000000092e+00 1.931026859560735076e+01
6.120000000000000107e+00 1.920330227625966302e+01
6.136000000000000121e+00 1.911409513963364759e+01
6.152000000000000135e+00 1.904460109580426774e+01
6.168000000000000149e+00 1.899644486351718697e+01
6.184000000000000163e+00 1.897052017329661311e+01
6.200000000000000178e+00 1.896680629380525218e+01
6.216000000000000192e+00 1.898470713552206135e+01
6.232000000000000206e+00 1.902295502133996763e+01
6.248000000000000220e+00 1.907985741411634706e+01
6.264000000000000234e+00 1.915362032743171739e+01
6.280000000000000249e+00 1.924228634122322745e+01
6.296000000000000263e+00 1.934371805738334160e+01
6.312000000000000277e+00 1.945545009568146355e+01
6.328000000000000291e+00 1.957450931879474254e+01
6.344000000000000306e+00 1.969752234389740053e+01
6.360000000000000320e+00 1.982085486716579226e+01
6.376000000000000334e+00 1.994116596330512436e+01
6.392000000000000348e+00 2.005605115302440211e+01
6.408000000000000362e+00 2.016461021326343328e+01
6.424000000000000377e+00 2.026788474542481566e+01
6.440000000000000391e+00 2.036878686133551142e+01
6.456000000000000405e+00 2.047141459546842412e+01
6.472000000000000419e+00 2.058052108384723056e+01
6.488000000000000433e+00 2.070006084958599502e+01
6.504000000000000448e+00 2.083244286664339739e+01
6.520000000000000462e+00 2.097792237759070488e+01
6.536000000000000476e+00 2.113438509473586180e+01
6.552000000000000490e+00 2.129796668606012844e+01
6.568000000000000504e+00 2.146384041391806718e+01
6.584000000000000519e+00 2.162724032999086177e+01
6.600000000000000533e+00 2.178450079859301880e+01
6.616000000000000547e+00 2.193361157030716058e+01
6.632000000000000561e+00 2.207428369510417809e+01
6.648000000000000576e+00 2.220787063424592844e+01
6.664000000000000590e+00 2.233674238731789075e+01
6.679999999999999716e+00 2.246364992690659435e+01
6.695999999999999730e+00 2.259135927501776209e+01
6.711999999999999744e+00 2.272212783777178657e+01
6.727999999999999758e+00 2.285773036238305167e+01
6.743999999999999773e+00 2.299944318393049159e+01
6.759999999999999787e+00 2.314785149303603973e+01
6.775999999999999801e+00 2.330316770205569554e+01
6.791999999999999815e+00 2.346508755086107101e+01
6.807999999999999829e+00 2.363308876138539460e+01
6.823999999999999844e+00 2.380616035875448944e+01
6.839999999999999858e+00 2.398300837395952101e+01
6.855999999999999872e+00 2.416218537808697420e+01
6.871999999999999886e+00 2.434182205369154772e+01
6.887999999999999901e+00 2.451997730838536071e+01
6.903999999999999915e+00 2.469440520485039059e+01
6.919999999999999929e+00 2.486256798038471061e+01
6.935999999999999943e+00 2.502172303602868908e+01
6.951999999999999957e+00 2.516895166937021600e+01
6.967999999999999972e+00 2.530142707477576280e+01
6.983999999999999986e+00 2.541682697203599872e+01
7.000000000000000000e+00 2.551384105051216267e+01
7.016000000000000014e+00 2.559233317519071349e+01
7.032000000000000028e+00 2.565385829669149942e+01
7.048000000000000043e+00 2.570160057300278211e+01
7.064000000000000057e+00 2.574014835729946782e+01
7.080000000000000071e+00 2.577523505576463947e+01
7.096000000000000085e+00 2.581289773665452714e+01
7.112000000000000099e+00 2.585867568277155470e+01
7.128000000000000114e+00 2.591701136423827023e+01
7.144000000000000128e+00 2.599067244106760910e+01
7.160000000000000142e+00 2.608035291052365778e+01
7.176000000000000156e+00 2.618482111848863170e+01
7.192000000000000171e+00 2.630139963256926094e+01
7.208000000000000185e+00 2.642637781219296755e+01
7.224000000000000199e+00 2.655563470570944773e+01
7.240000000000000213e+00 2.668531030463314835e+01
7.256000000000000227e+00 2.681218628730825060e+01
7.272000000000000242e+00 2.693360267149371978e+01
7.288000000000000256e+00 2.704781191625381354e+01
7.304000000000000270e+00 2.715362482217659590e+01
7.320000000000000284e+00 2.725025224483621500e+01
7.336000000000000298e+00 2.733734366963565776e+01
7.352000000000000313e+00 2.741471515804663284e+01
7.368000000000000327e+00 2.748256557044863868e+01
7.384000000000000341e+00 2.754152993163507546e+01
7.400000000000000355e+00 2.759251029791037269e+01
7.416000000000000369e+00 2.763707913209931277e+01
7.432000000000000384e+00 2.767676380197431385e+01
7.448000000000000398e+00 2.771323223356508691e+01
7.464000000000000412e+00 2.774784199566462206e+01
7.480000000000000426e+00 2.778134896439894774e+01
7.496000000000000441e+00 2.781404154859998457e+01
7.512000000000000455e+00 2.784558427901921362e+01
7.528000000000000469e+00 2.787536677608920499e+01
7.544000000000000483e+00 2.790257148624497319e+01
7.560000000000000497e+00 2.792682170772170025e+01
7.576000000000000512e+00 2.794820116191634440e+01
7.592000000000000526e+00 2.796726434485682233e+01
7.608000000000000540e+00 2.798517481659050432e+01
7.624000000000000554e+00 2.800338647514368517e+01
7.640000000000000568e+00 2.802340480004796675e+01
7.656000000000000583e+00 2.804636767820500509e+01
7.672000000000000597e+00 2.807336694903679231e+01
7.687999999999999723e+00 2.810497802123097699e+01
7.703999999999999737e+00 2.814140232127554953e+01
7.719999999999999751e+00 2.818284105718455734e+01
7.735999999999999766e+00 2.822911882617006185e+01
7.751999999999999780e+00 2.828022485576414269e+01
7.767999999999999794e+00 2.833610417341471077e+01
7.783999999999999808e+00 2.839672699343861240e+01
7.799999999999999822e+00 2.846219410081350887e+01
7.815999999999999837e+00 2.853282794275754597e+01
7.831999999999999851e+00 2.860924119236712215e+01
7.847999999999999865e+00 2.869239285868106748e+01
7.863999999999999879e+00 2.878379208497949548e+01
7.879999999999999893e+00 2.888538793330627996e+01
7.895999999999999908e+00 2.899953390425275401e+01
7.911999999999999922e+00 2.912832778714446391e+01
7.927999999999999936e+00 2.927341344452579364e+01
7.943999999999999950e+00 2.943493351396502078e+01
7.959999999999999964e+00 2.961143092923705211e+01
7.975999999999999979e+00 2.979941465451667426e+01
7.991999999999999993e+00 2.999364909402515167e+01
8.007999999999999119e+00 3.018786893058094734e+01
8.023999999999999133e+00 3.037568723799079962e+01
8.039999999999999147e+00 3.055217809187086431e+01
8.055999999999999162e+00 3.071418492033491177e+01
8.071999999999999176e+00 3.086123741368669826e+01
8.087999999999999190e+00 3.099541950858548134e+01
8.103999999999999204e+00 3.112051478633853918e+01
8.119999999999999218e+00 3.124123463985029758e+01
8.135999999999999233e+00 3.136244668915209743e+01
8.151999999999999247e+00 3.148838117944576354e+01
8.167999999999999261e+00 3.162264942021791825e+01
8.183999999999999275e+00 3.176842374121666879e+01
8.199999999999999289e+00 3.192878068978445327e+01
8.215999999999999304e+00 3.210664798513285945e+01
8.231999999999999318e+00 3.230486203398439216e+01
8.247999999999999332e+00 3.252555092622270649e+01
8.263999999999999346e+00 3.276914867202927439e+01
8.279999999999999361e+00 3.303370903834631633e+01
8.295999999999999375e+00 3.331468405960269763e+01
8.311999999999999389e+00 3.360500635741901476e+01
8.327999999999999403e+00 3.389564185467714452e+01
8.343999999999999417e+00 3.417733339250011682e+01
8.359999999999999432e+00 3.444189841349328418e+01
8.375999999999999446e+00 3.468338775009550545e+01
8.391999999999999460e+00 3.489952426461117341e+01
8.407999999999999474e+00 3.509164840581936318e+01
8.423999999999999488e+00 3.526453864690278550e+01
8.439999999999999503e+00 3.542537805957250896e+01
8.455999999999999517e+00 3.558259499626913680e+01
8.471999999999999531e+00 3.574455548240091218e+01
8.487999999999999545e+00 3.591852551712916863e+01
8.503999999999999559e+00 3.610988612184961966e+01
8.519999999999999574e+00 3.632212495101637018e+01
8.535999999999999588e+00 3.655692890615622304e+01
8.551999999999999602e+00 3.681440314851430884e+01
8.567999999999999616e+00 3.709359125006983504e+01
8.583999999999999631e+00 3.739265008788588318e+01
8.599999999999999645e+00 3.770895419199167975e+01
8.615999999999999659e+00 3.803890455279493210e+01
8.631999999999999673e+00 3.837826820497222968e+01
8.647999999999999687e+00 3.872163423020366224e+01
8.663999999999999702e+00 3.906321909176073603e+01
8.679999999999999716e+00 3.939693491659227931e+01
8.695999999999999730e+00 3.971680876391216231e+01
8.711999999999999744e+00 4.001803290771932353e+01
8.727999999999999758e+00 4.029680859674171245e+01
8.743999999999999773e+00 4.055086805411744422e+01
8.759999999999999787e+00 4.077929832303085789e+01
8.775999999999999801e+00 4.098284680577641836e+01
8.791999999999999815e+00 4.116318261123484490e+01
8.807999999999999829e+00 4.132310898446317537e+01
8.823999999999999844e+00 4.146623878080902870e+01
8.839999999999999858e+00 4.159670192639328690e+01
8.855999999999999872e+00 4.171895142200867923e+01
8.871999999999999886e+00 4.183767163142532297e+01
8.887999999999999901e+00 4.195692338041560987e+01
8.903999999999999915e+00 4.208020477281139904e+01
8.919999999999999929e+00 4.220989033396662649e+01
8.935999999999999943e+00 4.234667943874583784e+01
8.951999999999999957e+00 4.248971292310587700e+01
8.967999999999999972e+00 4.263678936637641925e+01
8.983999999999999986e+00 4.278468616619015563e+01
9.000000000000000000e+00 4.292960141969575005e+01
9.016000000000000014e+00 4.306802941356879444e+01
9.032000000000000028e+00 4.319697852961920148e+01
9.048000000000000043e+00 4.331436849683000645e+01
9.064000000000000057e+00 4.341927315346143956e+01
9.080000000000000071e+00 4.351158966655338389e+01
9.096000000000000085e+00 4.359216868908798403e+01
9.112000000000000099e+00 4.366214617212008164e+01
9.128000000000000114e+00 4.372290321113010236e+01
9.144000000000000128e+00 4.377579326141042770e+01
9.160000000000000142e+00 4.382188745702254806e+01
9.176000000000000156e+00 4.386184122992338530e+01
9.192000000000000171e+00 4.389595810526166986e+01
9.208000000000000185e+00 4.392437977922796932e+01
9.224000000000000199e+00 4.394747004416104375e+01
9.239999999999998437e+00 4.396600860740147709e+01
9.255999999999998451e+00 4.398182605088849328e+01
9.271999999999998465e+00 4.399769560626171483e+01
9.287999999999998479e+00 4.401741179766974454e+01
9.303999999999998494e+00 4.404549419629628204e+01
9.319999999999998508e+00 4.408624052759256529e+01
9.335999999999998522e+00 4.414317276991904748e+01
9.351999999999998536e+00 4.421817246683612979e+01
9.367999999999998550e+00 4.431116239768002885e+01
9.383999999999998565e+00 4.441986248176695540e+01
9.399999999999998579e+00 4.454048826485355050e+01
9.415999999999998593e+00 4.466840213012078209e+01
9.431999999999998607e+00 4.479886514782337059e+01
9.447999999999998622e+00 4.492848157262226039e+01
9.463999999999998636e+00 4.505516396407343649e+01
9.479999999999998650e+00 4.517887822868348735e+01
9.495999999999998664e+00 4.530110939216886123e+01
9.511999999999998678e+00 4.542403257865593247e+01
9.527999999999998693e+00 4.554974583377152442e+01
9.543999999999998707e+00 4.567944731702616679e+01
9.559999999999998721e+00 4.581222261485022784e+01
9.575999999999998735e+00 4.594474882551617867e+01
9.591999999999998749e+00 4.607213373898992614e+01
9.607999999999998764e+00 4.618804590401843768e+01
9.623999999999998778e+00 4.628602439854848427e+01
9.639999999999998792e+00 4.636111872183348481e+01
9.655999999999998806e+00 4.641116590922231921e+01
9.671999999999998820e+00 4.643750936726530654e+01
9.687999999999998835e+00 4.644545812739515611e+01
9.703999999999998849e+00 4.644364739268718267e+01
9.719999999999998863e+00 4.644268069184823133e+01
9.735999999999998877e+00 4.645406130006051626e+01
9.751999999999998892e+00 4.648784754088030979e+01
9.767999999999998906e+00 4.655210573382314720e+01
9.783999999999998920e+00 4.665148223671710070e+01
9.799999999999998934e+00 4.678742592986017712e+01
9.815999999999998948e+00 4.695821837661991793e+01
9.831999999999998963e+00 4.715975174756454180e+01
9.847999999999998977e+00 4.738614456571910694e+01
9.863999999999998991e+00 4.763042196360322578e+01
9.879999999999999005e+00 4.788475862162539443e+01
9.895999999999999019e+00 4.814096136382680413e+01
9.911999999999999034e+00 4.839074638507619852e+01
9.927999999999999048e+00 4.862654589635205582e+01
9.943999999999999062e+00 4.884140693410206069e+01
9.959999999999999076e+00 4.903048839100162581e+01
9.975999999999999091e+00 4.919070380212262705e+01
9.991999999999999105e+00 4.932139562908923835e+01
1.000799999999999912e+01 4.942408106145911262e+01
1.002399999999999913e+01 4.950183173156128902e+01
1.003999999999999915e+01 4.955894381246832836e+01
1.005599999999999916e+01 4.960011660851640869e+01
1.007199999999999918e+01 4.963043193302812739e+01
1.008799999999999919e+01 4.965494460873402005e+01
1.010399999999999920e+01 4.967883210084357160e+01
1.011999999999999922e+01 4.970752329992469498e+01
1.013599999999999923e+01 4.974637288324910855e+01
1.015199999999999925e+01 4.980046003556238787e+01
1.016799999999999926e+01 4.987437512303563381e+01
1.018399999999999928e+01 4.997121463324733526e+01
1.019999999999999929e+01 5.009253404586103642e+01
1.021599999999999930e+01 5.023819366798836228e+01
1.023199999999999932e+01 5.040657377007541129e+01
1.024799999999999933e+01 5.059438790232490391e+01
1.026399999999999935e+01 5.079794568379503517e+01
1.027999999999999936e+01 5.101334435564201186e+01
1.029599999999999937e+01 5.123663656385127751e+01
1.031199999999999939e+01 5.146428018591623754e+01
1.032799999999999940e+01 5.169314395662938466e+01
1.034399999999999942e+01 5.192073073458957566e+01
1.035999999999999943e+01 5.214458104455415821e+01
1.037599999999999945e+01 5.236270312314326247e+01
1.039199999999999946e+01 5.257342935546615337e+01
1.040799999999999947e+01 5.277535115106356045e+01
1.042399999999999949e+01 5.296766733983169217e+01
1.043999999999999950e+01 5.315000413652006728e+01
1.045599999999999952e+01 5.332271495044192733e+01
1.047199999999999953e+01 5.348666743371327925e+01
1.048799999999999955e+01 5.364318763502772924e+01
1.050399999999999956e+01 5.379358609534664026e+01
1.051999999999999957e+01 5.393895422301343245e+01
1.053599999999999959e+01 5.407956649259847381e+01
1.055199999999999960e+01 5.421514096470926347e+01
1.056799999999999962e+01 5.434453636614124150e+01
1.058399999999999963e+01 5.446643116677346796e+01
1.059999999999999964e+01 5.458029205017125918e+01
1.061599999999999966e+01 5.468662153781060908e+01
1.063199999999999967e+01 5.478810805957285623e+01
1.064799999999999969e+01 5.488991186625248986e+01
1.066399999999999970e+01 5.499916044236551471e+01
1.067999999999999972e+01 5.512489437606880927e+01
1.069599999999999973e+01 5.527608536598174283e+01
1.071199999999999974e+01 5.546086321962948773e+01
1.072799999999999976e+01 5.568442631025080658e+01
1.074399999999999977e+01 5.594844171571295277e+01
1.075999999999999979e+01 5.625035974175693099e+01
1.077599999999999980e+01 5.658384907747210235e+01
1.079199999999999982e+01 5.693939271475130681e+01
1.080799999999999983e+01 5.730624202437955006e+01
1.082399999999999984e+01 5.767306237191641571e+01
1.083999999999999986e+01 5.802983747758020172e+01
1.085599999999999987e+01 5.836846504310804562e+01
1.087199999999999989e+01 5.868304239752539786e+01
1.088799999999999990e+01 5.897015458750250616e+01
1.090399999999999991e+01 5.922815935302974566e+01
1.091999999999999993e+01 5.945687762871217785e+01
1.093599999999999994e+01 5.965735142513463529e+01
1.095199999999999996e+01 5.983166378825503529e+01
1.096799999999999997e+01 5.998294556302813163e+01
1.098399999999999999e+01 6.011559205309150400e+01
1.100000000000000000e+01 6.023526395243081311e+01
1.101600000000000001e+01 6.034957351506338341e+01
1.103200000000000003e+01 6.046714266143825967e+01
1.104800000000000004e+01 6.059679480504317439e+01
1.106400000000000006e+01 6.074701284559672843e+01
1.108000000000000007e+01 6.092447397938168763e+01
1.109600000000000009e+01 6.113327867913631053e+01
1.111200000000000010e+01 6.137396179557298126e+01
1.112800000000000011e+01 6.164374453912194696e+01
1.114400000000000013e+01 6.193658815747251367e+01
1.116000000000000014e+01 6.224466842499144548e+01
1.117600000000000016e+01 6.255920821037263124e+01
1.119200000000000017e+01 6.287200880779639078e+01
1.120800000000000018e+01 6.317583463194355886e+01
1.122400000000000020e+01 6.346542506297601705e+01
1.124000000000000021e+01 6.373727343433868242e+01
1.125600000000000023e+01 6.398940377537099522e+01
1.127199999999999847e+01 6.422093529801047396e+01
1.128799999999999848e+01 6.443205419542273660e+01
1.130399999999999849e+01 6.462275729312972317e+01
1.131999999999999851e+01 6.479366201475446019e+01
1.133599999999999852e+01 6.494508912429314762e+01
1.135199999999999854e+01 6.507823573125548933e+01
1.136799999999999855e+01 6.519453126014934696e+01
1.138399999999999856e+01 6.529648430252024127e+01
1.139999999999999858e+01 6.538756600219376480e+01
1.141599999999999859e+01 6.547217004302500243e+01
1.143199999999999861e+01 6.555513774736732557e+01
1.144799999999999862e+01 6.564179144138569200e+01
1.146399999999999864e+01 6.573638645809096204e+01
1.147999999999999865e+01 6.584244930025259634e+01
1.149599999999999866e+01 6.596208614351193944e+01
1.151199999999999868e+01 6.609560097840579829e+01
1.152799999999999869e+01 6.624187634535124403e+01
1.154399999999999871e+01 6.639846857694963944e+01
1.155999999999999872e+01 6.656172183708306989e+01
1.157599999999999874e+01 6.672778143817535579e+01
1.159199999999999875e+01 6.689244621140767322e+01
1.160799999999999876e+01 6.705221566794836008e+01
1.162399999999999878e+01 6.720485397839395603e+01
1.163999999999999879e+01 6.734986901380875679e+01
1.165599999999999881e+01 6.748902623648395149e+01
1.167199999999999882e+01 6.762599808468296203e+01
1.168799999999999883e+01 6.776624514748131389e+01
1.170399999999999885e+01 6.791643658699214825e+01
1.171999999999999886e+01 6.808307908163568811e+01
1.173599999999999888e+01 6.827134395512101150e+01
1.175199999999999889e+01 6.848443968312146524e+01
1.176799999999999891e+01 6.872296099278513282e+01
1.178399999999999892e+01 6.898450530931708613e+01
1.179999999999999893e+01 6.926437968699391945e+01
1.181599999999999895e+01 6.955595663688919217e+01
1.183199999999999896e+01 6.985200156363991653e+01
1.184799999999999898e+01 7.014555326467863949e+01
1.186399999999999899e+01 7.043058185400971638e+01
1.187999999999999901e+01 7.070261402441407483e+01
1.189599999999999902e+01 7.095909623310443237e+01
1.191199999999999903e+01 7.119891689485645259e+01
1.192799999999999905e+01 7.142260213543409009e+01
1.194399999999999906e+01 7.163146747105503209e+01
1.195999999999999908e+01 7.182785336946177779e+01
1.197599999999999909e+01 7.201455970501635306e+01
1.199199999999999910e+01 7.219465830666597128e+01
1.200799999999999912e+01 7.237119711221424723e+01
1.202399999999999913e+01 7.254714052507362965e+01
1.203999999999999915e+01 7.272473167675001093e+01
1.205599999999999916e+01 7.290493882662228486e+01
1.207199999999999918e+01 7.308735666678362008e+01
1.208799999999999919e+01 7.327035101592446154e+01
1.210399999999999920e+01 7.345085475475491421e+01
1.211999999999999922e+01 7.362602298264125977e+01
1.213599999999999923e+01 7.379339766114516408e+01
1.215199999999999925e+01 7.395203476814856458e+01
1.216799999999999926e+01 7.410337800531216601e+01
1.218399999999999928e+01 7.425086525699727247e+01
1.219999999999999929e+01 7.439928266176129057e+01
1.221599999999999930e+01 7.455414640624613298e+01
1.223199999999999932e+01 7.471956138550373794e+01
1.224799999999999933e+01 7.489789232108272188e+01
1.226399999999999935e+01 7.508838319272871331e+01
1.227999999999999936e+01 7.528728242414200622e+01
1.229599999999999937e+01 7.548852133391581276e+01
1.231199999999999939e+01 7.568477636931658026e+01
1.232799999999999940e+01 7.586941754687097728e+01
1.234399999999999942e+01 7.603779187169411102e+01
1.235999999999999943e+01 7.618847078881621826e+01
1.237599999999999945e+01 7.632387321187729867e+01
1.239199999999999946e+01 7.645005543209400400e+01
1.240799999999999947e+01 7.657528411805266444e+01
1.242399999999999949e+01 7.670833381362791670e+01
1.243999999999999950e+01 7.685688208263798060e+01
1.245599999999999952e+01 7.702541070629328601e+01
1.247199999999999953e+01 7.721491161789660396e+01
1.248799999999999955e+01 7.742239696950665007e+01
1.250399999999999956e+01 7.764208835013150178e+01
1.251999999999999957e+01 7.786723957182326217e+01
1.253599999999999959e+01 7.809142990188790634e+01
1.255199999999999960e+01 7.830979405473060240e+01
1.256799999999999962e+01 7.851989789033710565e+01
1.258399999999999963e+01 7.872084450068291517e+01
1.259999999999999964e+01 7.891301520877762243e+01
1.261599999999999966e+01 7.909676052752050168e+01
1.263199999999999967e+01 7.927197713167669235e+01
1.264799999999999969e+01 7.943837060896110813e+01
1.266399999999999970e+01 7.959545069584686416e+01
1.267999999999999972e+01 7.974380332821927198e+01
1.269599999999999973e+01 7.988518541378873294e+01
1.271199999999999974e+01 8.002308489151418769e+01
1.272799999999999976e+01 8.016167411259205267e+01
1.274399999999999977e+01 8.030515473132093973e+01
1.275999999999999979e+01 8.045693974613297428e+01
1.277599999999999980e+01 8.061844758461792537e+01
1.279199999999999982e+01 8.078941464138100059e+01
1.280799999999999983e+01 8.096783793096344084e+01
1.282399999999999984e+01 8.115108446496341799e+01
1.283999999999999986e+01 8.133609333392411145e+01
1.285599999999999987e+01 8.152049002555567370e+01
1.287199999999999989e+01 8.170228827697715701e+01
1.288799999999999990e+01 8.187981009293415013e+01
1.290399999999999991e+01 8.205138352783716016e+01
1.291999999999999993e+01 8.221542172076850363e+01
1.293599999999999994e+01 8.237029672754268006e+01
1.295199999999999996e+01 8.251504700056683816e+01
1.296799999999999997e+01 8.264982361598585214e+01
1.298399999999999999e+01 8.277658823705819202e+01
1.300000000000000000e+01 8.289919627056995921e+01
1.301600000000000001e+01 8.302305280876372251e+01
1.303200000000000003e+01 8.315403865384284643e+01
1.304800000000000004e+01 8.329740056498874878e+01
1.306400000000000006e+01 8.345664176832204362e+01
1.308000000000000007e+01 8.363201071418524180e+01
1.309600000000000009e+01 8.382058593477161423e+01
1.311200000000000010e+01 8.401631359032104740e+01
1.312800000000000011e+01 8.421137604552802713e+01
1.314400000000000013e+01 8.439763602420575239e+01
1.316000000000000014e+01 8.456850418171654837e+01
1.317600000000000016e+01 8.472000696574282586e+01
1.319200000000000017e+01 8.485212017689947572e+01
1.320800000000000018e+01 8.496850662553427469e+01
1.322400000000000020e+01 8.507599389941421464e+01
1.324000000000000021e+01 8.518347354490460077e+01
1.325600000000000023e+01 8.530028112784583527e+01
1.327200000000000024e+01 8.543494291442054589e+01
1.328800000000000026e+01 8.559382532184487502e+01
1.330400000000000027e+01 8.578057241828537371e+01
1.332000000000000028e+01 8.599609502744888800e+01
1.333599999999999852e+01 8.623808457205787192e+01
1.335199999999999854e+01 8.650307758194314545e+01
1.336799999999999855e+01 8.678567675503590806e+01
1.338399999999999856e+01 8.708104491561086036e+01
1.339999999999999858e+01 8.738456727694949677e+01
1.341599999999999859e+01 8.769287059757445491e+01
1.343199999999999861e+01 8.800340014959924417e+01
1.344799999999999862e+01 8.831417753279508531e+01
1.346399999999999864e+01 8.862328334344408631e+01
1.347999999999999865e+01 8.892787883712014718e+01
1.349599999999999866e+01 8.922501262703620739e+01
1.351199999999999868e+01 8.951124905921216168e+01
1.352799999999999869e+01 8.978411529573298822e+01
1.354399999999999871e+01 9.004290442962833652e+01
1.355999999999999872e+01 9.028956077223091370e+01
1.357599999999999874e+01 9.052854050577940370e+01
1.359199999999999875e+01 9.076699168701500753e+01
1.360799999999999876e+01 9.101257841028427720e+01
1.362399999999999878e+01 9.127227596435751877e+01
1.363999999999999879e+01 9.155070272958313637e+01
1.365599999999999881e+01 9.184913625728302122e+01
1.367199999999999882e+01 9.216508280678594645e+01
1.368799999999999883e+01 9.249289724981511540e+01
1.370399999999999885e+01 9.282493875800699357e+01
1.371999999999999886e+01 9.315313886913730812e+01
1.373599999999999888e+01 9.347032501885642830e+01
1.375199999999999889e+01 9.377120181864715676e+01
1.376799999999999891e+01 9.405306912430961575e+01
1.378399999999999892e+01 9.431492689871947732e+01
1.379999999999999893e+01 9.455798973095647852e+01
1.381599999999999895e+01 9.478403840004111203e+01
1.383199999999999896e+01 9.499513446873291400e+01
1.384799999999999898e+01 9.519290267879010514e+01
1.386399999999999899e+01 9.537832369081888828e+01
1.387999999999999901e+01 9.555199371216022541e+01
1.389599999999999902e+01 9.571460985150820022e+01
1.391199999999999903e+01 9.586741208619054078e+01
1.392799999999999905e+01 9.601320154776644245e+01
1.394399999999999906e+01 9.615605791145537751e+01
1.395999999999999908e+01 9.630147268008786909e+01
1.397599999999999909e+01 9.645516448716419688e+01
1.399199999999999910e+01 9.662295164566744177e+01
1.400799999999999912e+01 9.680844952141326587e+01
1.402399999999999913e+01 9.701392653098857011e+01
1.403999999999999915e+01 9.723863076337106293e+01
1.405599999999999916e+01 9.748009058233256496e+01
1.407199999999999918e+01 9.773410500569305270e+01
1.408799999999999919e+01 9.799627749906363761e+01
1.410399999999999920e+01 9.826232830875166258e+01
1.411999999999999922e+01 9.852925674102144171e+01
1.413599999999999923e+01 9.879514761654155564e+01
1.415199999999999925e+01 9.905902385557072876e+01
1.416799999999999926e+01 9.932012606209248418e+01
1.418399999999999928e+01 9.957770355751165425e+01
1.419999999999999929e+01 9.983001066692106917e+01
1.421599999999999930e+01 1.000740454628477210e+02
1.423199999999999932e+01 1.003060090616231008e+02
1.424799999999999933e+01 1.005213505285999247e+02
1.426399999999999935e+01 1.007163427432268321e+02
1.427999999999999936e+01 1.008886998416337235e+02
1.429599999999999937e+01 1.010384743484120946e+02
1.431199999999999939e+01 1.011688043094858358e+02
1.432799999999999940e+01 1.012860128765614860e+02
1.434399999999999942e+01 1.013989903787905149e+02
1.435999999999999943e+01 1.015171628600471649e+02
1.437599999999999945e+01 1.016497350833579247e+02
1.439199999999999946e+01 1.018036149364347267e+02
1.440799999999999947e+01 1.019822980353724375e+02
1.442399999999999949e+01 1.021853541494191973e+02
1.443999999999999950e+01 1.024091624397056535e+02
1.445599999999999952e+01 1.026471974794465041e+02
1.447199999999999953e+01 1.028919810649973243e+02
1.448799999999999955e+01 1.031362659018068939e+02
1.450399999999999956e+01 1.033740546765946533e+02
1.451999999999999957e+01 1.036014710226218796e+02
1.453599999999999959e+01 1.038162460862773315e+02
1.455199999999999960e+01 1.040179430844815300e+02
1.456799999999999962e+01 1.042075491323338667e+02
1.458399999999999963e+01 1.043869388556659032e+02
1.459999999999999964e+01 1.045591231517722832e+02
1.461599999999999966e+01 1.047282099008756546e+02
1.463199999999999967e+01 1.048992229025595435e+02
1.464799999999999969e+01 1.050777124449674886e+02
1.466399999999999970e+01 1.052692505423591740e+02
1.467999999999999972e+01 1.054782825595544722e+02
1.469599999999999973e+01 1.057072394012809013e+02
1.471199999999999974e+01 1.059559667484991650e+02
1.472799999999999976e+01 1.062214744874176660e+02
1.474399999999999977e+01 1.064989237738132175e+02
1.475999999999999979e+01 1.067824762559508827e+02
1.477599999999999980e+01 1.070665171127703275e+02
1.479199999999999982e+01 1.073470342727156748e+02
1.480799999999999983e+01 1.076221311844088291e+02
1.482399999999999984e+01 1.078925854346400826e+02
1.483999999999999986e+01 1.081608268131595452e+02
1.485599999999999987e+01 1.084306944774571946e+02
1.487199999999999989e+01 1.087067609547562199e+02
1.488799999999999990e+01 1.089927619094095377e+02
1.490399999999999991e+01 1.092914960896475094e+02
1.491999999999999993e+01 1.096040920803701511e+02
1.493599999999999994e+01 1.099293480078178362e+02
1.495199999999999996e+01 1.102640640044417069e+02
1.496799999999999997e+01 1.106029046418974104e+02
1.498399999999999999e+01 1.109387036446353250e+02
1.500000000000000000e+01 1.112634123086550915e+02
1.501600000000000001e+01 1.115694133935850800e+02
1.503200000000000003e+01 1.118504308124871045e+02
1.504800000000000004e+01 1.121029170230945908e+02
1.506400000000000006e+01 1.123265254415735370e+02
1.508000000000000007e+01 1.125240783726613074e+02
1.509600000000000009e+01 1.127009104642509527e+02
1.511200000000000010e+01 1.128637992939755890e+02
1.512800000000000011e+01 1.130194690031533753e+02
1.514400000000000013e+01 1.131733291758932864e+02
1.516000000000000014e+01 1.133288254311289336e+02
1.517600000000000016e+01 1.134871663070033208e+02
1.519200000000000017e+01 1.136483358548346132e+02
1.520800000000000018e+01 1.138112468831060653e+02
1.522400000000000020e+01 1.139749802796105200e+02
1.524000000000000021e+01 1.141398544553953087e+02
1.525600000000000023e+01 1.143076432729216094e+02
1.527200000000000024e+01 1.144811137248171917e+02
1.528800000000000026e+01 1.146638056969593862e+02
1.530400000000000027e+01 1.148589633404156558e+02
1.532000000000000028e+01 1.150690218466631194e+02
1.533600000000000030e+01 1.152950770416540252e+02
1.535200000000000031e+01 1.155374486863143062e+02
1.536799999999999855e+01 1.157955580444085939e+02
1.538399999999999856e+01 1.160686764580002261e+02
1.539999999999999858e+01 1.163562809028538823e+02
1.541599999999999859e+01 1.166584363713810149e+02
1.543199999999999861e+01 1.169747709487218543e+02
1.544799999999999862e+01 1.173042781342458341e+02
1.546399999999999864e+01 1.176438618500956466e+02
1.547999999999999865e+01 1.179876422071424429e+02
1.549599999999999866e+01 1.183275500685261505e+02
1.551199999999999868e+01 1.186534602147666817e+02
1.552799999999999869e+01 1.189547632828443113e+02
1.554399999999999871e+01 1.192230375281218357e+02
1.555999999999999872e+01 1.194530332655457556e+02
1.557599999999999874e+01 1.196442125196389412e+02
1.559199999999999875e+01 1.198014018363771527e+02
1.560799999999999876e+01 1.199333297454408012e+02
1.562399999999999878e+01 1.200515385614276624e+02
1.563999999999999879e+01 1.201680413263874527e+02
1.565599999999999881e+01 1.202934787472475193e+02
1.567199999999999882e+01 1.204358037302842490e+02
1.568799999999999883e+01 1.205989486691385224e+02
1.570399999999999885e+01 1.207833736465973544e+02
1.571999999999999886e+01 1.209869445674240751e+02
1.573599999999999888e+01 1.212057033286740904e+02
1.575199999999999889e+01 1.214345349704266539e+02
1.576799999999999891e+01 1.216683701927556314e+02
1.578399999999999892e+01 1.219023460717709781e+02
1.579999999999999893e+01 1.221321951216674790e+02
1.581599999999999895e+01 1.223540417077730353e+02
1.583199999999999896e+01 1.225645107230329245e+02
1.584799999999999898e+01 1.227609864091406280e+02
1.586399999999999899e+01 1.229416771666189305e+02
1.587999999999999901e+01 1.231052855805965862e+02
1.589599999999999902e+01 1.232511545799764008e+02
1.591199999999999903e+01 1.233787161721228927e+02
1.592799999999999905e+01 1.234875231659371195e+02
1.594399999999999906e+01 1.235769859803958752e+02
1.595999999999999908e+01 1.236457569265384961e+02
1.597599999999999909e+01 1.236926399321053935e+02
1.599200000000000088e+01 1.237165601053605286e+02
