# r J(r)
8.000000000000000167e-03 0.000000000000000000e+00
2.400000000000000050e-02 0.000000000000000000e+00
4.000000000000000083e-02 0.000000000000000000e+00
5.600000000000000117e-02 0.000000000000000000e+00
7.200000000000000844e-02 0.000000000000000000e+00
8.799999999999999489e-02 0.000000000000000000e+00
1.040000000000000091e-01 0.000000000000000000e+00
1.199999999999999956e-01 0.000000000000000000e+00
1.360000000000000098e-01 0.000000000000000000e+00
1.520000000000000240e-01 0.000000000000000000e+00
1.680000000000000104e-01 0.000000000000000000e+00
1.839999999999999969e-01 0.000000000000000000e+00
2.000000000000000111e-01 0.000000000000000000e+00
2.160000000000000253e-01 0.000000000000000000e+00
2.320000000000000118e-01 0.000000000000000000e+00
2.479999999999999982e-01 0.000000000000000000e+00
2.640000000000000124e-01 0.000000000000000000e+00
2.800000000000000266e-01 0.000000000000000000e+00
2.960000000000000409e-01 0.000000000000000000e+00
3.119999999999999996e-01 0.000000000000000000e+00
3.280000000000000138e-01 0.000000000000000000e+00
3.440000000000000280e-01 0.000000000000000000e+00
3.599999999999999867e-01 0.000000000000000000e+00
3.760000000000000009e-01 0.000000000000000000e+00
3.920000000000000151e-01 0.000000000000000000e+00
4.080000000000000293e-01 0.000000000000000000e+00
4.240000000000000435e-01 0.000000000000000000e+00
4.400000000000000022e-01 0.000000000000000000e+00
4.560000000000000164e-01 0.000000000000000000e+00
4.720000000000000306e-01 0.000000000000000000e+00
4.879999999999999893e-01 0.000000000000000000e+00
5.040000000000000036e-01 0.000000000000000000e+00
5.200000000000000178e-01 0.000000000000000000e+00
5.360000000000000320e-01 0.000000000000000000e+00
5.520000000000000462e-01 0.000000000000000000e+00
5.680000000000000604e-01 0.000000000000000000e+00
5.840000000000000746e-01 0.000000000000000000e+00
5.999999999999999778e-01 0.000000000000000000e+00
6.159999999999999920e-01 0.000000000000000000e+00
6.320000000000000062e-01 0.000000000000000000e+00
6.480000000000000204e-01 0.000000000000000000e+00
6.640000000000000346e-01 0.000000000000000000e+00
6.800000000000000488e-01 0.000000000000000000e+00
6.960000000000000631e-01 0.000000000000000000e+00
7.119999999999999662e-01 0.000000000000000000e+00
7.279999999999999805e-01 0.000000000000000000e+00
7.439999999999999947e-01 0.000000000000000000e+00
7.600000000000000089e-01 0.000000000000000000e+00
7.760000000000000231e-01 0.000000000000000000e+00
7.920000000000000373e-01 0.000000000000000000e+00
8.080000000000000515e-01 0.000000000000000000e+00
8.240000000000000657e-01 0.000000000000000000e+00
8.400000000000000799e-01 0.000000000000000000e+00
8.559999999999999831e-01 0.000000000000000000e+00
8.719999999999999973e-01 0.000000000000000000e+00
8.880000000000000115e-01 0.000000000000000000e+00
9.040000000000000258e-01 0.000000000000000000e+00
9.200000000000000400e-01 0.000000000000000000e+00
9.360000000000000542e-01 0.000000000000000000e+00
9.520000000000000684e-01 0.000000000000000000e+00
9.679999999999999716e-01 0.000000000000000000e+00
9.839999999999999858e-01 0.000000000000000000e+00
1.000000000000000000e+00 0.000000000000000000e+00
1.016000000000000014e+00 0.000000000000000000e+00
1.032000000000000028e+00 0.000000000000000000e+00
1.048000000000000043e+00 0.000000000000000000e+00
1.064000000000000057e+00 0.000000000000000000e+00
1.080000000000000071e+00 0.000000000000000000e+00
1.096000000000000085e+00 0.000000000000000000e+00
1.112000000000000099e+00 0.000000000000000000e+00
1.128000000000000114e+00 0.000000000000000000e+00
1.144000000000000128e+00 0.000000000000000000e+00
1.160000000000000142e+00 0.000000000000000000e+00
1.175999999999999934e+00 0.000000000000000000e+00
1.191999999999999948e+00 0.000000000000000000e+00
1.207999999999999963e+00 0.000000000000000000e+00
1.223999999999999977e+00 0.000000000000000000e+00
1.239999999999999991e+00 0.000000000000000000e+00
1.256000000000000005e+00 0.000000000000000000e+00
1.272000000000000020e+00 0.000000000000000000e+00
1.288000000000000034e+00 0.000000000000000000e+00
1.304000000000000048e+00 0.000000000000000000e+00
1.320000000000000062e+00 0.000000000000000000e+00
1.336000000000000076e+00 0.000000000000000000e+00
1.352000000000000091e+00 0.000000000000000000e+00
1.368000000000000105e+00 0.000000000000000000e+00
1.384000000000000119e+00 0.000000000000000000e+00
1.400000000000000133e+00 0.000000000000000000e+00
1.415999999999999925e+00 0.000000000000000000e+00
1.431999999999999940e+00 0.000000000000000000e+00
1.447999999999999954e+00 0.000000000000000000e+00
1.463999999999999968e+00 0.000000000000000000e+00
1.479999999999999982e+00 0.000000000000000000e+00
1.495999999999999996e+00 0.000000000000000000e+00
1.512000000000000011e+00 0.000000000000000000e+00
1.528000000000000025e+00 0.000000000000000000e+00
1.544000000000000039e+00 0.000000000000000000e+00
1.560000000000000053e+00 0.000000000000000000e+00
1.576000000000000068e+00 0.000000000000000000e+00
1.592000000000000082e+00 0.000000000000000000e+00
1.608000000000000096e+00 0.000000000000000000e+00
1.624000000000000110e+00 0.000000000000000000e+00
1.640000000000000124e+00 0.000000000000000000e+00
1.656000000000000139e+00 0.000000000000000000e+00
1.672000000000000153e+00 0.000000000000000000e+00
1.687999999999999945e+00 0.000000000000000000e+00
1.703999999999999959e+00 0.000000000000000000e+00
1.719999999999999973e+00 0.000000000000000000e+00
1.735999999999999988e+00 0.000000000000000000e+00
1.752000000000000002e+00 0.000000000000000000e+00
1.768000000000000016e+00 0.000000000000000000e+00
1.784000000000000030e+00 0.000000000000000000e+00
1.800000000000000044e+00 0.000000000000000000e+00
1.816000000000000059e+00 0.000000000000000000e+00
1.832000000000000073e+00 0.000000000000000000e+00
1.848000000000000087e+00 0.000000000000000000e+00
1.864000000000000101e+00 0.000000000000000000e+00
1.880000000000000115e+00 0.000000000000000000e+00
1.896000000000000130e+00 0.000000000000000000e+00
1.912000000000000144e+00 0.000000000000000000e+00
1.927999999999999936e+00 0.000000000000000000e+00
1.943999999999999950e+00 0.000000000000000000e+00
1.959999999999999964e+00 0.000000000000000000e+00
1.975999999999999979e+00 1.672938161424273665e-06
1.991999999999999993e+00 8.668282965450818480e-06
2.008000000000000007e+00 2.528920861086803571e-05
2.024000000000000021e+00 5.796713621060728286e-05
2.040000000000000036e+00 1.409778146675664547e-04
2.056000000000000050e+00 3.122453813137325454e-04
2.072000000000000064e+00 6.872933438054883723e-04
2.088000000000000078e+00 1.457665813933020291e-03
2.104000000000000092e+00 2.931252957718058581e-03
2.120000000000000107e+00 5.666656670098643191e-03
2.136000000000000121e+00 1.062322622422036053e-02
2.152000000000000135e+00 1.921404011305645823e-02
2.168000000000000149e+00 3.371072273974492356e-02
2.184000000000000163e+00 5.754445238226722076e-02
2.200000000000000178e+00 9.559964906579020150e-02
2.216000000000000192e+00 1.547160718993613182e-01
2.232000000000000206e+00 2.439009470896113807e-01
2.248000000000000220e+00 3.746853932114864727e-01
2.264000000000000234e+00 5.608489732920589610e-01
2.280000000000000249e+00 8.180139045742041981e-01
2.296000000000000263e+00 1.162443530938898739e+00
2.312000000000000277e+00 1.609413647722874874e+00
2.327999999999999847e+00 2.170963954303795962e+00
2.343999999999999861e+00 2.853388952559697600e+00
2.359999999999999876e+00 3.654571671200427918e+00
2.375999999999999890e+00 4.561945218633348453e+00
2.391999999999999904e+00 5.551289145394006752e+00
2.407999999999999918e+00 6.586798358383340712e+00
2.423999999999999932e+00 7.622788433375125905e+00
2.439999999999999947e+00 8.606899688544029203e+00
2.455999999999999961e+00 9.484563549642199831e+00
2.471999999999999975e+00 1.020421243833609992e+01
2.487999999999999989e+00 1.072248060221311938e+01
2.504000000000000004e+00 1.100871742518703478e+01
2.520000000000000018e+00 1.104808404831862845e+01
2.536000000000000032e+00 1.084284542637636761e+01
2.552000000000000046e+00 1.041165705710376876e+01
2.568000000000000060e+00 9.787060636008449777e+00
2.584000000000000075e+00 9.011575015027359470e+00
2.600000000000000089e+00 8.133086040525080662e+00
2.616000000000000103e+00 7.200103422538372655e+00
2.632000000000000117e+00 6.257671828121505797e+00
2.648000000000000131e+00 5.344216276392463882e+00
2.664000000000000146e+00 4.489659730862741505e+00
2.680000000000000160e+00 3.714815691860680946e+00
2.696000000000000174e+00 3.031775182951299996e+00
2.712000000000000188e+00 2.445136564659217360e+00
2.728000000000000203e+00 1.953510174983538406e+00
2.744000000000000217e+00 1.551304634645216840e+00
2.760000000000000231e+00 1.230247186851887831e+00
2.776000000000000245e+00 9.806826155539415391e-01
2.792000000000000259e+00 7.925589726713430094e-01
2.808000000000000274e+00 6.562404041945860689e-01
2.823999999999999844e+00 5.627899886955380904e-01
2.839999999999999858e+00 5.043038991748257649e-01
2.855999999999999872e+00 4.741115460135280069e-01
2.871999999999999886e+00 4.667255093268184440e-01
2.887999999999999901e+00 4.778851712781947425e-01
2.903999999999999915e+00 5.044344450369487864e-01
2.919999999999999929e+00 5.443117872009347602e-01
2.935999999999999943e+00 5.962719050577967028e-01
2.951999999999999957e+00 6.598266091662268185e-01
2.967999999999999972e+00 7.348953000670858104e-01
2.983999999999999986e+00 8.217253198475495957e-01
3.000000000000000000e+00 9.205803311744057416e-01
3.016000000000000014e+00 1.031796055089134967e+00
3.032000000000000028e+00 1.155544408402739531e+00
3.048000000000000043e+00 1.291885431264573114e+00
3.064000000000000057e+00 1.440687749083479963e+00
3.080000000000000071e+00 1.601693730830727080e+00
3.096000000000000085e+00 1.774401158297411518e+00
3.112000000000000099e+00 1.958246112492743496e+00
3.128000000000000114e+00 2.152440879183481481e+00
3.144000000000000128e+00 2.356092619852218739e+00
3.160000000000000142e+00 2.568301192474031325e+00
3.176000000000000156e+00 2.788238684161650216e+00
3.192000000000000171e+00 3.015184113253075004e+00
3.208000000000000185e+00 3.248634174201437741e+00
3.224000000000000199e+00 3.488293445899542711e+00
3.240000000000000213e+00 3.733980439254577899e+00
3.256000000000000227e+00 3.985577201857926077e+00
3.272000000000000242e+00 4.242866341540063146e+00
3.288000000000000256e+00 4.505384553402592474e+00
3.304000000000000270e+00 4.772350760789442425e+00
3.320000000000000284e+00 5.042703202350506508e+00
3.336000000000000298e+00 5.315102545498286979e+00
3.351999999999999869e+00 5.588114445837669031e+00
3.367999999999999883e+00 5.860450535564567076e+00
3.383999999999999897e+00 6.131118462771823374e+00
3.399999999999999911e+00 6.399706325430203790e+00
3.415999999999999925e+00 6.666496095240654896e+00
3.431999999999999940e+00 6.932315698636292822e+00
3.447999999999999954e+00 7.198434750723124331e+00
3.463999999999999968e+00 7.466437101814189958e+00
3.479999999999999982e+00 7.737751149523890426e+00
3.495999999999999996e+00 8.013342814707426598e+00
3.512000000000000011e+00 8.293673424251601034e+00
3.528000000000000025e+00 8.578348803873987904e+00
3.544000000000000039e+00 8.866274906237350706e+00
3.560000000000000053e+00 9.155631542834351322e+00
3.576000000000000068e+00 9.444036803720651463e+00
3.592000000000000082e+00 9.728849863865015379e+00
3.608000000000000096e+00 1.000724630634884171e+01
3.624000000000000110e+00 1.027645204593254213e+01
3.640000000000000124e+00 1.053399798793774167e+01
3.656000000000000139e+00 1.077781935105538125e+01
3.672000000000000153e+00 1.100615079934571483e+01
3.688000000000000167e+00 1.121778429706673208e+01
3.704000000000000181e+00 1.141190670451894285e+01
3.720000000000000195e+00 1.158803042446689524e+01
3.736000000000000210e+00 1.174569777267750581e+01
3.752000000000000224e+00 1.188449495713021342e+01
3.768000000000000238e+00 1.200360624932434916e+01
3.784000000000000252e+00 1.210204187687943467e+01
3.800000000000000266e+00 1.217844662218052854e+01
3.816000000000000281e+00 1.223127218492824220e+01
3.832000000000000295e+00 1.225900984761235080e+01
3.847999999999999865e+00 1.226041518272188391e+01
3.863999999999999879e+00 1.223458845994144362e+01
3.879999999999999893e+00 1.218123696571170633e+01
3.895999999999999908e+00 1.210057882816334818e+01
3.911999999999999922e+00 1.199329859340698157e+01
3.927999999999999936e+00 1.186035877083525314e+01
3.943999999999999950e+00 1.170297502927151001e+01
3.959999999999999964e+00 1.152246205857824002e+01
3.975999999999999979e+00 1.132022100266827280e+01
3.991999999999999993e+00 1.109784524018343710e+01
4.008000000000000007e+00 1.085714784664635779e+01
4.024000000000000021e+00 1.060018318842028329e+01
4.040000000000000036e+00 1.032927323368808992e+01
4.056000000000000050e+00 1.004680806830644357e+01
4.072000000000000064e+00 9.755233700750974180e+00
4.088000000000000078e+00 9.457068612123707751e+00
4.104000000000000092e+00 9.154966403653409301e+00
4.120000000000000107e+00 8.851583803789091931e+00
4.136000000000000121e+00 8.550087717522204755e+00
4.152000000000000135e+00 8.254091712098203359e+00
4.168000000000000149e+00 7.967429748548472190e+00
4.184000000000000163e+00 7.694162792643300719e+00
4.200000000000000178e+00 7.438057759390569679e+00
4.216000000000000192e+00 7.202108452031721342e+00
4.232000000000000206e+00 6.988166588608828889e+00
4.248000000000000220e+00 6.796695794633532017e+00
4.264000000000000234e+00 6.626847374020207404e+00
4.280000000000000249e+00 6.476781267307951673e+00
4.296000000000000263e+00 6.343888062318993271e+00
4.312000000000000277e+00 6.225613867535759738e+00
4.328000000000000291e+00 6.119749492283121484e+00
4.344000000000000306e+00 6.024581145322141396e+00
4.360000000000000320e+00 5.939063903450970017e+00
4.376000000000000334e+00 5.862764473444258329e+00
4.392000000000000348e+00 5.795651675508228351e+00
4.408000000000000362e+00 5.737823845979805881e+00
4.424000000000000377e+00 5.689599739155597469e+00
4.440000000000000391e+00 5.651124581303442973e+00
4.456000000000000405e+00 5.622645537848162789e+00
4.472000000000000419e+00 5.604375166638263295e+00
4.488000000000000433e+00 5.596513534358214415e+00
4.504000000000000448e+00 5.599379044173874220e+00
4.520000000000000462e+00 5.613183801944157558e+00
4.536000000000000476e+00 5.637860408357891373e+00
4.552000000000000490e+00 5.673119810897897075e+00
4.568000000000000504e+00 5.718125280094507268e+00
4.584000000000000519e+00 5.771691167624621421e+00
4.600000000000000533e+00 5.832027088983243068e+00
4.616000000000000547e+00 5.897357108126786152e+00
4.631999999999999673e+00 5.965826556330410924e+00
4.647999999999999687e+00 6.035826301880890199e+00
4.663999999999999702e+00 6.106168908018783981e+00
4.679999999999999716e+00 6.176046632290741023e+00
4.695999999999999730e+00 6.245022434724113225e+00
4.711999999999999744e+00 6.312879215355783558e+00
4.727999999999999758e+00 6.379431572413913010e+00
4.743999999999999773e+00 6.444656724684161730e+00
4.759999999999999787e+00 6.508510240491729881e+00
4.775999999999999801e+00 6.571301181556144400e+00
4.791999999999999815e+00 6.633556124518241504e+00
4.807999999999999829e+00 6.696255269187732395e+00
4.823999999999999844e+00 6.760712921720883450e+00
4.839999999999999858e+00 6.828384292590259363e+00
4.855999999999999872e+00 6.900761999213964160e+00
4.871999999999999886e+00 6.979034667443576367e+00
4.887999999999999901e+00 7.063911160620934382e+00
4.903999999999999915e+00 7.155406271753748548e+00
4.919999999999999929e+00 7.252995556983769632e+00
4.935999999999999943e+00 7.355608398291392902e+00
4.951999999999999957e+00 7.461852845134981926e+00
4.967999999999999972e+00 7.570096433674472713e+00
4.983999999999999986e+00 7.678871283126635028e+00
5.000000000000000000e+00 7.787049539297226097e+00
5.016000000000000014e+00 7.894120480444600574e+00
5.032000000000000028e+00 8.000500278234198959e+00
5.048000000000000043e+00 8.107610309022536654e+00
5.064000000000000057e+00 8.217979644980957232e+00
5.080000000000000071e+00 8.335044904004318411e+00
5.096000000000000085e+00 8.462972747430603349e+00
5.112000000000000099e+00 8.605953654388351026e+00
5.128000000000000114e+00 8.767662680237124917e+00
5.144000000000000128e+00 8.950593655641100099e+00
5.160000000000000142e+00 9.155603008876495252e+00
5.176000000000000156e+00 9.381892027126504274e+00
5.192000000000000171e+00 9.627134265146404246e+00
5.208000000000000185e+00 9.887905147673411221e+00
5.224000000000000199e+00 1.016076710593874033e+01
5.240000000000000213e+00 1.044272755972449929e+01
5.256000000000000227e+00 1.073222388094456292e+01
5.272000000000000242e+00 1.102907273255411980e+01
5.288000000000000256e+00 1.133467487505716420e+01
5.304000000000000270e+00 1.165140703763045416e+01
5.320000000000000284e+00 1.198197132373148399e+01
5.336000000000000298e+00 1.232869886941322157e+01
5.352000000000000313e+00 1.269298860666178719e+01
5.368000000000000327e+00 1.307472491099982648e+01
5.384000000000000341e+00 1.347236861538957342e+01
5.400000000000000355e+00 1.388288542640862389e+01
5.416000000000000369e+00 1.430211976085149139e+01
5.432000000000000384e+00 1.472502565826225052e+01
5.448000000000000398e+00 1.514627328514124294e+01
5.464000000000000412e+00 1.556044256738655562e+01
5.480000000000000426e+00 1.596244782064484724e+01
5.496000000000000441e+00 1.634817115895585005e+01
5.512000000000000455e+00 1.671451167026282647e+01
5.528000000000000469e+00 1.706009821457616127e+01
5.544000000000000483e+00 1.738514086406214432e+01
5.560000000000000497e+00 1.769133817466400771e+01
5.576000000000000512e+00 1.798152568497002335e+01
5.592000000000000526e+00 1.825895310482815503e+01
5.608000000000000540e+00 1.852664595419762605e+01
5.624000000000000554e+00 1.878682846795226169e+01
5.639999999999999680e+00 1.904046390428531765e+01
5.655999999999999694e+00 1.928720403711936626e+01
5.671999999999999709e+00 1.952571464316166683e+01
5.687999999999999723e+00 1.975399074859827664e+01
5.703999999999999737e+00 1.996974333195968399e+01
5.719999999999999751e+00 2.017077457296969456e+01
5.735999999999999766e+00 2.035508370667509581e+01
5.751999999999999780e+00 2.052056990142345683e+01
5.767999999999999794e+00 2.066504915952295818e+01
5.783999999999999808e+00 2.078579883487289592e+01
5.799999999999999822e+00 2.087983213817403083e+01
5.815999999999999837e+00 2.094383489317571190e+01
5.831999999999999851e+00 2.097474906769592806e+01
5.847999999999999865e+00 2.097029678139456621e+01
5.863999999999999879e+00 2.092958423055409156e+01
5.879999999999999893e+00 2.085334544892299391e+01
5.895999999999999908e+00 2.074431282913682395e+01
5.911999999999999922e+00 2.060697443437438636e+01
5.927999999999999936e+00 2.044704729200453031e+01
5.943999999999999950e+00 2.027115593670747984e+01
5.959999999999999964e+00 2.008603016703655797e+01
5.975999999999999979e+00 1.989785294338293653e+01
5.991999999999999993e+00 1.971181544997211432e+01
6.008000000000000007e+00 1.953170210349990654e+01
6.024000000000000021e+00 1.936006287971614626e+01
6.040000000000000036e+00 1.919783799053413276e+01
6.056000000000000050e+00 1.904497294982178701e+01
6.072000000000000064e+00 1.890068761275422915e+01
6.088000000000000078e+00 1.876403517658816256e+01
6.104000000000000092e+00 1.863414996483688313e+01
6.120000000000000107e+00 1.851076092050782762e+01
6.136000000000000121e+00 1.839434589846099044e+01
6.152000000000000135e+00 1.828591722669489528e+01
6.168000000000000149e+00 1.818696143069713500e+01
6.184000000000000163e+00 1.809879546314411769e+01
6.200000000000000178e+00 1.802249026465218407e+01
6.216000000000000192e+00 1.795880667981523615e+01
6.232000000000000206e+00 1.790778931496845772e+01
6.248000000000000220e+00 1.786948592709544670e+01
6.264000000000000234e+00 1.784408011353554357e+01
6.280000000000000249e+00 1.783218636519386990e+01
6.296000000000000263e+00 1.783495777936303028e+01
6.312000000000000277e+00 1.785414788093222427e+01
6.328000000000000291e+00 1.789152679205948715e+01
6.344000000000000306e+00 1.794843111009556935e+01
6.360000000000000320e+00 1.802541616156684512e+01
6.376000000000000334e+00 1.812154217437123904e+01
6.392000000000000348e+00 1.823438915144680195e+01
6.408000000000000362e+00 1.836044910467607139e+01
6.424000000000000377e+00 1.849541810150767773e+01
6.440000000000000391e+00 1.863508547795685999e+01
6.456000000000000405e+00 1.877564089397611724e+01
6.472000000000000419e+00 1.891454892500452090e+01
6.488000000000000433e+00 1.905067134680471241e+01
6.504000000000000448e+00 1.918417513641317385e+01
6.520000000000000462e+00 1.931636219102433216e+01
6.536000000000000476e+00 1.944892355938000961e+01
6.552000000000000490e+00 1.958364152437794559e+01
6.568000000000000504e+00 1.972168045731388020e+01
6.584000000000000519e+00 1.986359798765758811e+01
6.600000000000000533e+00 2.000903181838131673e+01
6.616000000000000547e+00 2.015697831742531321e+01
6.632000000000000561e+00 2.030628733372065042e+01
6.648000000000000576e+00 2.045581741068093962e+01
6.664000000000000590e+00 2.060495536255415061e+01
6.679999999999999716e+00 2.075369062670800346e+01
6.695999999999999730e+00 2.090284108553761655e+01
6.711999999999999744e+00 2.105368487436391689e+01
6.727999999999999758e+00 2.120790781425388971e+01
6.743999999999999773e+00 2.136690151657116132e+01
6.759999999999999787e+00 2.153185498072922854e+01
6.775999999999999801e+00 2.170296638053302374e+01
6.791999999999999815e+00 2.187952852426133887e+01
6.807999999999999829e+00 2.205987457441933586e+01
6.823999999999999844e+00 2.224170942147762986e+01
6.839999999999999858e+00 2.242247293442130385e+01
6.855999999999999872e+00 2.259969875083342572e+01
6.871999999999999886e+00 2.277130707083984262e+01
6.887999999999999901e+00 2.293651874910341348e+01
6.903999999999999915e+00 2.309544580286855009e+01
6.919999999999999929e+00 2.324927781920085934e+01
6.935999999999999943e+00 2.340011052975200556e+01
6.951999999999999957e+00 2.355028637799426505e+01
6.967999999999999972e+00 2.370200426277268946e+01
6.983999999999999986e+00 2.385662381131399812e+01
7.000000000000000000e+00 2.401451169242825756e+01
7.016000000000000014e+00 2.417451572832330697e+01
7.032000000000000028e+00 2.433428330292205288e+01
7.048000000000000043e+00 2.449041755849871649e+01
7.064000000000000057e+00 2.463903260504738313e+01
7.080000000000000071e+00 2.477653786214668585e+01
7.096000000000000085e+00 2.490026144883208659e+01
7.112000000000000099e+00 2.500897778646323033e+01
7.128000000000000114e+00 2.510302303296280257e+01
7.144000000000000128e+00 2.518412486877969769e+01
7.160000000000000142e+00 2.525503327081406724e+01
7.176000000000000156e+00 2.531849851981594313e+01
7.192000000000000171e+00 2.537697426220763219e+01
7.208000000000000185e+00 2.543186819613152139e+01
7.224000000000000199e+00 2.548353388353414317e+01
7.240000000000000213e+00 2.553148960814628055e+01
7.256000000000000227e+00 2.557490004864726885e+01
7.272000000000000242e+00 2.561318655933377642e+01
7.288000000000000256e+00 2.564644714847316465e+01
7.304000000000000270e+00 2.567591308777094739e+01
7.320000000000000284e+00 2.570375581669529907e+01
7.336000000000000298e+00 2.573287083474916059e+01
7.352000000000000313e+00 2.576642730620314126e+01
7.368000000000000327e+00 2.580735061321573554e+01
7.384000000000000341e+00 2.585778375781850968e+01
7.400000000000000355e+00 2.591889860916671040e+01
7.416000000000000369e+00 2.599033937813250716e+01
7.432000000000000384e+00 2.607052059289244639e+01
7.448000000000000398e+00 2.615666485891533100e+01
7.464000000000000412e+00 2.624492225059884021e+01
7.480000000000000426e+00 2.633107596452270727e+01
7.496000000000000441e+00 2.641119761383928832e+01
7.512000000000000455e+00 2.648216128853961493e+01
7.528000000000000469e+00 2.654223457506421369e+01
7.544000000000000483e+00 2.659120766419794535e+01
7.560000000000000497e+00 2.663049714545119429e+01
7.576000000000000512e+00 2.666261396156904340e+01
7.592000000000000526e+00 2.669056232469983314e+01
7.608000000000000540e+00 2.671723280453157656e+01
7.624000000000000554e+00 2.674446657527501259e+01
7.640000000000000568e+00 2.677286893169997484e+01
7.656000000000000583e+00 2.680143874257710479e+01
7.672000000000000597e+00 2.682818833409007553e+01
7.687999999999999723e+00 2.685042315079217445e+01
7.703999999999999737e+00 2.686585294049054085e+01
7.719999999999999751e+00 2.687327127883748190e+01
7.735999999999999766e+00 2.687308585808249006e+01
7.751999999999999780e+00 2.686776087966975268e+01
7.767999999999999794e+00 2.686149170788895191e+01
7.783999999999999808e+00 2.685954477874109259e+01
7.799999999999999822e+00 2.686733763603862002e+01
7.815999999999999837e+00 2.688944359358787750e+01
7.831999999999999851e+00 2.692879753458198522e+01
7.847999999999999865e+00 2.698610516380375657e+01
7.863999999999999879e+00 2.705989325549322544e+01
7.879999999999999893e+00 2.714718223659789231e+01
7.895999999999999908e+00 2.724397791412672376e+01
7.911999999999999922e+00 2.734637972502383008e+01
7.927999999999999936e+00 2.745141123688977558e+01
7.943999999999999950e+00 2.755759222002939168e+01
7.959999999999999964e+00 2.766523855488173922e+01
7.975999999999999979e+00 2.777648247537288029e+01
7.991999999999999993e+00 2.789479852603280108e+01
8.007999999999999119e+00 2.802445012090857546e+01
8.023999999999999133e+00 2.816956096821974143e+01
8.039999999999999147e+00 2.833321936359480731e+01
8.055999999999999162e+00 2.851674978641587899e+01
8.071999999999999176e+00 2.871887408266855957e+01
8.087999999999999190e+00 2.893592836659172818e+01
8.103999999999999204e+00 2.916156046577830097e+01
8.119999999999999218e+00 2.938841436364880622e+01
8.135999999999999233e+00 2.960857417643233447e+01
8.151999999999999247e+00 2.981532305250627957e+01
8.167999999999999261e+00 3.000418595985646775e+01
8.183999999999999275e+00 3.017370273890386656e+01
8.199999999999999289e+00 3.032556912938554561e+01
8.215999999999999304e+00 3.046422212463307133e+01
8.231999999999999318e+00 3.059576172911189218e+01
8.247999999999999332e+00 3.072702217893809973e+01
8.263999999999999346e+00 3.086440383718550962e+01
8.279999999999999361e+00 3.101304378145926677e+01
8.295999999999999375e+00 3.117637416102810022e+01
8.311999999999999389e+00 3.135581150633747427e+01
8.327999999999999403e+00 3.155070452337674070e+01
8.343999999999999417e+00 3.175864934690476815e+01
8.359999999999999432e+00 3.197567192933456681e+01
8.375999999999999446e+00 3.219663900010099411e+01
8.391999999999999460e+00 3.241618954561975841e+01
8.407999999999999474e+00 3.262915211494686218e+01
8.423999999999999488e+00 3.283173816002215517e+01
8.439999999999999503e+00 3.302238668917466669e+01
8.455999999999999517e+00 3.320230532830929349e+01
8.471999999999999531e+00 3.337559428801799299e+01
8.487999999999999545e+00 3.354892590606992542e+01
8.503999999999999559e+00 3.373037209223117117e+01
8.519999999999999574e+00 3.392813951428890817e+01
8.535999999999999588e+00 3.414872571190336714e+01
8.551999999999999602e+00 3.439608634838640455e+01
8.567999999999999616e+00 3.467017908081771793e+01
8.583999999999999631e+00 3.496720270986761392e+01
8.599999999999999645e+00 3.528006231745970922e+01
8.615999999999999659e+00 3.559954126546288222e+01
8.631999999999999673e+00 3.591535999418670855e+01
8.647999999999999687e+00 3.621797390015685636e+01
8.663999999999999702e+00 3.649951609339393599e+01
8.679999999999999716e+00 3.675470795905324906e+01
8.695999999999999730e+00 3.698134091296412862e+01
8.711999999999999744e+00 3.718020676853188178e+01
8.727999999999999758e+00 3.735476531641230480e+01
8.743999999999999773e+00 3.751064613023275740e+01
8.759999999999999787e+00 3.765505048251831255e+01
8.775999999999999801e+00 3.779551904337790802e+01
8.791999999999999815e+00 3.793950546800312651e+01
8.807999999999999829e+00 3.809308820846494115e+01
8.823999999999999844e+00 3.826063101153239643e+01
8.839999999999999858e+00 3.844411943092628547e+01
8.855999999999999872e+00 3.864295840861206699e+01
8.871999999999999886e+00 3.885441514505384930e+01
8.887999999999999901e+00 3.907405587959959092e+01
8.903999999999999915e+00 3.929598449890531953e+01
8.919999999999999929e+00 3.951402876428584676e+01
8.935999999999999943e+00 3.972226850358789108e+01
8.951999999999999957e+00 3.991530439168198541e+01
8.967999999999999972e+00 4.008913204059633983e+01
8.983999999999999986e+00 4.024097738553267334e+01
9.000000000000000000e+00 4.036951799221260728e+01
9.016000000000000014e+00 4.047494393580439720e+01
9.032000000000000028e+00 4.055897217874528593e+01
9.048000000000000043e+00 4.062438172309576601e+01
9.064000000000000057e+00 4.067546986656758889e+01
9.080000000000000071e+00 4.071734301910998965e+01
9.096000000000000085e+00 4.075565801604282967e+01
9.112000000000000099e+00 4.079612979952260332e+01
9.128000000000000114e+00 4.084380283441353754e+01
9.144000000000000128e+00 4.090220214791305864e+01
9.160000000000000142e+00 4.097301563612800379e+01
9.176000000000000156e+00 4.105561133752135561e+01
9.192000000000000171e+00 4.114719048142485036e+01
9.208000000000000185e+00 4.124325526051440249e+01
9.224000000000000199e+00 4.133891683774081116e+01
9.239999999999998437e+00 4.142953725864571624e+01
9.255999999999998451e+00 4.151173770893279169e+01
9.271999999999998465e+00 4.158438220911344985e+01
9.287999999999998479e+00 4.164848847703704138e+01
9.303999999999998494e+00 4.170686843083180406e+01
9.319999999999998508e+00 4.176364336598449256e+01
9.335999999999998522e+00 4.182322878090555207e+01
9.351999999999998536e+00 4.188956695917369188e+01
9.367999999999998550e+00 4.196529535172338399e+01
9.383999999999998565e+00 4.205162887237830915e+01
9.399999999999998579e+00 4.214800687709386295e+01
9.415999999999998593e+00 4.225208388568049855e+01
9.431999999999998607e+00 4.236039194432164834e+01
9.447999999999998622e+00 4.246822516339051390e+01
9.463999999999998636e+00 4.257021666571692720e+01
9.479999999999998650e+00 4.266076887321666078e+01
9.495999999999998664e+00 4.273483741293051708e+01
9.511999999999998678e+00 4.278845073417856071e+01
9.527999999999998693e+00 4.281926011544153710e+01
9.543999999999998707e+00 4.282739057031432850e+01
9.559999999999998721e+00 4.281554158058507653e+01
9.575999999999998735e+00 4.278835902258553148e+01
9.591999999999998749e+00 4.275215094820354267e+01
9.607999999999998764e+00 4.271409546955213443e+01
9.623999999999998778e+00 4.268083784414558579e+01
9.639999999999998792e+00 4.265807161136092418e+01
9.655999999999998806e+00 4.265020098151640582e+01
9.671999999999998820e+00 4.266003975176706575e+01
9.687999999999998835e+00 4.268948800896202300e+01
9.703999999999998849e+00 4.273989763413349863e+01
9.719999999999998863e+00 4.281246192242863202e+01
9.735999999999998877e+00 4.290862410056865173e+01
9.751999999999998892e+00 4.302982988553006294e+01
9.767999999999998906e+00 4.317728045613873888e+01
9.783999999999998920e+00 4.335129556581739507e+01
9.799999999999998934e+00 4.355077626507381439e+01
9.815999999999998948e+00 4.377247741718793606e+01
9.831999999999998963e+00 4.401131468508290823e+01
9.847999999999998977e+00 4.426045150392270955e+01
9.863999999999998991e+00 4.451197204814785380e+01
9.879999999999999005e+00 4.475767519113414039e+01
9.895999999999999019e+00 4.499025639771073770e+01
9.911999999999999034e+00 4.520434553660554400e+01
9.927999999999999048e+00 4.539670115125636585e+01
9.943999999999999062e+00 4.556705849707418565e+01
9.959999999999999076e+00 4.571774585640679334e+01
9.975999999999999091e+00 4.585309300446962055e+01
9.991999999999999105e+00 4.597888803697800597e+01
1.000799999999999912e+01 4.610121122835202101e+01
1.002399999999999913e+01 4.622575382408200539e+01
1.003999999999999915e+01 4.635658721726948528e+01
1.005599999999999916e+01 4.649581501065934930e+01
1.007199999999999918e+01 4.664340752624371333e+01
1.008799999999999919e+01 4.679695517886147371e+01
1.010399999999999920e+01 4.695248430401480277e+01
1.011999999999999922e+01 4.710521504394905890e+01
1.013599999999999923e+01 4.725035009229701899e+01
1.015199999999999925e+01 4.738392393609598940e+01
1.016799999999999926e+01 4.750398544071357065e+01
1.018399999999999928e+01 4.761089886940386151e+01
1.019999999999999929e+01 4.770726552088937211e+01
1.021599999999999930e+01 4.779790642731529005e+01
1.023199999999999932e+01 4.788911675701195492e+01
1.024799999999999933e+01 4.798758925125660113e+01
1.026399999999999935e+01 4.809941469932962832e+01
1.027999999999999936e+01 4.822928391912162027e+01
1.029599999999999937e+01 4.837967273007463120e+01
1.031199999999999939e+01 4.855071656602178365e+01
1.032799999999999940e+01 4.874020448794958327e+01
1.034399999999999942e+01 4.894428362886079498e+01
1.035999999999999943e+01 4.915785104799176253e+01
1.037599999999999945e+01 4.937542594784066807e+01
1.039199999999999946e+01 4.959157113058552113e+01
1.040799999999999947e+01 4.980138847111044242e+01
1.042399999999999949e+01 5.000063273057057955e+01
1.043999999999999950e+01 5.018595081938293845e+01
1.045599999999999952e+01 5.035532916363879252e+01
1.047199999999999953e+01 5.050820001750359722e+01
1.048799999999999955e+01 5.064567724619117683e+01
1.050399999999999956e+01 5.077117561238520693e+01
1.051999999999999957e+01 5.088963416797427186e+01
1.053599999999999959e+01 5.100774770765411148e+01
1.055199999999999960e+01 5.113268932184550408e+01
1.056799999999999962e+01 5.127103279061608987e+01
1.058399999999999963e+01 5.142818401935619477e+01
1.059999999999999964e+01 5.160680316939655654e+01
1.061599999999999966e+01 5.180659418959444906e+01
1.063199999999999967e+01 5.202436158511631703e+01
1.064799999999999969e+01 5.225458750129666896e+01
1.066399999999999970e+01 5.249022600717988496e+01
1.067999999999999972e+01 5.272394263134872006e+01
1.069599999999999973e+01 5.294934510986652754e+01
1.071199999999999974e+01 5.316156509934913998e+01
1.072799999999999976e+01 5.335767092034355130e+01
1.074399999999999977e+01 5.353658057674297766e+01
1.075999999999999979e+01 5.369895979224374827e+01
1.077599999999999980e+01 5.384657771721457209e+01
1.079199999999999982e+01 5.398241226208816812e+01
1.080799999999999983e+01 5.411045570905643842e+01
1.082399999999999984e+01 5.423528450567624049e+01
1.083999999999999986e+01 5.436244511279966929e+01
1.085599999999999987e+01 5.449804484026877560e+01
1.087199999999999989e+01 5.464815174463087999e+01
1.088799999999999990e+01 5.481868478929227706e+01
1.090399999999999991e+01 5.501390879873261497e+01
1.091999999999999993e+01 5.523653205364571761e+01
1.093599999999999994e+01 5.548668850087304349e+01
1.095199999999999996e+01 5.576189059508926249e+01
1.096799999999999997e+01 5.605703782843220040e+01
1.098399999999999999e+01 5.636519841263577035e+01
1.100000000000000000e+01 5.667772444363474449e+01
1.101600000000000001e+01 5.698561236848728839e+01
1.103200000000000003e+01 5.728009201169690101e+01
1.104800000000000004e+01 5.755373924326698898e+01
1.106400000000000006e+01 5.780098766873038585e+01
1.108000000000000007e+01 5.801892426976267814e+01
1.109600000000000009e+01 5.820744996436300767e+01
1.111200000000000010e+01 5.836899608464239009e+01
1.112800000000000011e+01 5.850861932185956249e+01
1.114400000000000013e+01 5.863312017717117897e+01
1.116000000000000014e+01 5.875007040120872404e+01
1.117600000000000016e+01 5.886757501733371356e+01
1.119200000000000017e+01 5.899283115831654811e+01
1.120800000000000018e+01 5.913162193964153346e+01
1.122400000000000020e+01 5.928772867488147114e+01
1.124000000000000021e+01 5.946244074513914768e+01
1.125600000000000023e+01 5.965515755108940965e+01
1.127199999999999847e+01 5.986331616400432409e+01
1.128799999999999848e+01 6.008321291205083270e+01
1.130399999999999849e+01 6.031058707603935432e+01
1.131999999999999851e+01 6.054172269288816466e+01
1.133599999999999852e+01 6.077341860823069908e+01
1.135199999999999854e+01 6.100377544701292720e+01
1.136799999999999855e+01 6.123208164205366444e+01
1.138399999999999856e+01 6.145841721221605525e+01
1.139999999999999858e+01 6.168366253749417893e+01
1.141599999999999859e+01 6.190825574499105244e+01
1.143199999999999861e+01 6.213220714151322710e+01
1.144799999999999862e+01 6.235403954833938656e+01
1.146399999999999864e+01 6.257104469107095213e+01
1.147999999999999865e+01 6.277922254401099167e+01
1.149599999999999866e+01 6.297377081222500550e+01
1.151199999999999868e+01 6.315009927447292881e+01
1.152799999999999869e+01 6.330495811140461626e+01
1.154399999999999871e+01 6.343655384336044278e+01
1.155999999999999872e+01 6.354596884840036353e+01
1.157599999999999874e+01 6.363641448568620262e+01
1.159199999999999875e+01 6.371319723785877187e+01
1.160799999999999876e+01 6.378327560820528674e+01
1.162399999999999878e+01 6.385400373317025924e+01
1.163999999999999879e+01 6.393274744803471066e+01
1.165599999999999881e+01 6.402642013596286574e+01
1.167199999999999882e+01 6.414070640337291707e+01
1.168799999999999883e+01 6.427962338297928113e+01
1.170399999999999885e+01 6.444476786087234643e+01
1.171999999999999886e+01 6.463537395996658574e+01
1.173599999999999888e+01 6.484742519711690534e+01
1.175199999999999889e+01 6.507472430800893903e+01
1.176799999999999891e+01 6.530968949624349307e+01
1.178399999999999892e+01 6.554435229050761791e+01
1.179999999999999893e+01 6.577202866966628392e+01
1.181599999999999895e+01 6.598894304655115661e+01
1.183199999999999896e+01 6.619417355633456168e+01
1.184799999999999898e+01 6.638986528510497465e+01
1.186399999999999899e+01 6.657996173462241529e+01
1.187999999999999901e+01 6.676873832574621304e+01
1.189599999999999902e+01 6.695894164690209038e+01
1.191199999999999903e+01 6.715091032397151594e+01
1.192799999999999905e+01 6.734203796272113607e+01
1.194399999999999906e+01 6.752735288264042879e+01
1.195999999999999908e+01 6.770111640581694701e+01
1.197599999999999909e+01 6.785805004754297443e+01
1.199199999999999910e+01 6.799568084546648095e+01
1.200799999999999912e+01 6.811474523035940365e+01
1.202399999999999913e+01 6.821970146990376804e+01
1.203999999999999915e+01 6.831861713392531499e+01
1.205599999999999916e+01 6.842100273709004910e+01
1.207199999999999918e+01 6.853694701623172136e+01
1.208799999999999919e+01 6.867486092494149830e+01
1.210399999999999920e+01 6.884032962283359325e+01
1.211999999999999922e+01 6.903529060965739461e+01
1.213599999999999923e+01 6.925795301710647323e+01
1.215199999999999925e+01 6.950337010054917641e+01
1.216799999999999926e+01 6.976457932788724747e+01
1.218399999999999928e+01 7.003353917596439260e+01
1.219999999999999929e+01 7.030263365513717133e+01
1.221599999999999930e+01 7.056515934718306937e+01
1.223199999999999932e+01 7.081583882679494479e+01
1.224799999999999933e+01 7.105116684243409964e+01
1.226399999999999935e+01 7.126903629444312571e+01
1.227999999999999936e+01 7.146899527606126412e+01
1.229599999999999937e+01 7.165156198231952089e+01
1.231199999999999939e+01 7.181820623409348059e+01
1.232799999999999940e+01 7.197107591295629447e+01
1.234399999999999942e+01 7.211263630559285787e+01
1.235999999999999943e+01 7.224541032527540096e+01
1.237599999999999945e+01 7.237109159006070058e+01
1.239199999999999946e+01 7.249096192647314751e+01
1.240799999999999947e+01 7.260516631772460983e+01
1.242399999999999949e+01 7.271384290916878967e+01
1.243999999999999950e+01 7.281773858453234993e+01
1.245599999999999952e+01 7.291947597327319386e+01
1.247199999999999953e+01 7.302388639078296251e+01
1.248799999999999955e+01 7.313853708091342298e+01
1.250399999999999956e+01 7.327282386299472705e+01
1.251999999999999957e+01 7.343639155951919406e+01
1.253599999999999959e+01 7.363736026942426349e+01
1.255199999999999960e+01 7.388059319433142491e+01
1.256799999999999962e+01 7.416594460637280406e+01
1.258399999999999963e+01 7.448859567129778725e+01
1.259999999999999964e+01 7.483937713663608804e+01
1.261599999999999966e+01 7.520625982247887009e+01
1.263199999999999967e+01 7.557614826001372421e+01
1.264799999999999969e+01 7.593651156202840014e+01
1.266399999999999970e+01 7.627647678198225378e+01
1.267999999999999972e+01 7.658740899237457711e+01
1.269599999999999973e+01 7.686298351432483855e+01
1.271199999999999974e+01 7.709890094003237948e+01
1.272799999999999976e+01 7.729254137716648643e+01
1.274399999999999977e+01 7.744288206571076216e+01
1.275999999999999979e+01 7.755079415223386263e+01
1.277599999999999980e+01 7.761895937556678859e+01
1.279199999999999982e+01 7.765270316643915294e+01
1.280799999999999983e+01 7.765957750511104507e+01
1.282399999999999984e+01 7.764951004150273661e+01
1.283999999999999986e+01 7.763414721087538339e+01
1.285599999999999987e+01 7.762557815626557556e+01
1.287199999999999989e+01 7.763526688222856365e+01
1.288799999999999990e+01 7.767277857889493475e+01
1.290399999999999991e+01 7.774429323630801036e+01
1.291999999999999993e+01 7.785206131205509905e+01
1.293599999999999994e+01 7.799453517558144711e+01
1.295199999999999996e+01 7.816697356426153931e+01
1.296799999999999997e+01 7.836210830456064969e+01
1.298399999999999999e+01 7.857192788939974548e+01
1.300000000000000000e+01 7.878822204382322525e+01
1.301600000000000001e+01 7.900363525473551363e+01
1.303200000000000003e+01 7.921216343662939607e+01
1.304800000000000004e+01 7.940901976148953167e+01
1.306400000000000006e+01 7.959112977418286050e+01
1.308000000000000007e+01 7.975646348951946152e+01
1.309600000000000009e+01 7.990511140153867586e+01
1.311200000000000010e+01 8.003897465952626078e+01
1.312800000000000011e+01 8.016173866651035951e+01
1.314400000000000013e+01 8.027935171244108403e+01
1.316000000000000014e+01 8.039896410268413263e+01
1.317600000000000016e+01 8.052849855388805622e+01
1.319200000000000017e+01 8.067513072952669972e+01
1.320800000000000018e+01 8.084451420047892611e+01
1.322400000000000020e+01 8.103996423080283762e+01
1.324000000000000021e+01 8.126200268290574513e+01
1.325600000000000023e+01 8.150840476951184144e+01
1.327200000000000024e+01 8.177489795864563860e+01
1.328800000000000026e+01 8.205607415855781994e+01
1.330400000000000027e+01 8.234549336195163960e+01
1.332000000000000028e+01 8.263714139757652788e+01
1.333599999999999852e+01 8.292525613948070884e+01
1.335199999999999854e+01 8.320440710494435166e+01
1.336799999999999855e+01 8.347051515084424977e+01
1.338399999999999856e+01 8.372036471054443041e+01
1.339999999999999858e+01 8.395176032335061223e+01
1.341599999999999859e+01 8.416383511526629491e+01
1.343199999999999861e+01 8.435698574047873421e+01
1.344799999999999862e+01 8.453297557640263449e+01
1.346399999999999864e+01 8.469469458882899460e+01
1.347999999999999865e+01 8.484601897289238082e+01
1.349599999999999866e+01 8.499108862602611225e+01
1.351199999999999868e+01 8.513472395667938031e+01
1.352799999999999869e+01 8.528128952867837143e+01
1.354399999999999871e+01 8.543460605764811078e+01
1.355999999999999872e+01 8.559807688014774385e+01
1.357599999999999874e+01 8.577359676053735882e+01
1.359199999999999875e+01 8.596176585703658191e+01
1.360799999999999876e+01 8.616208070740967173e+01
1.362399999999999878e+01 8.637300910333819104e+01
1.363999999999999879e+01 8.659235810091057317e+01
1.365599999999999881e+01 8.681817772543655565e+01
1.367199999999999882e+01 8.704925812327921619e+01
1.368799999999999883e+01 8.728534324335731753e+01
1.370399999999999885e+01 8.752732545468295200e+01
1.371999999999999886e+01 8.777694213908097254e+01
1.373599999999999888e+01 8.803628015653336547e+01
1.375199999999999889e+01 8.830668265614417578e+01
1.376799999999999891e+01 8.858830086676663029e+01
1.378399999999999892e+01 8.888032370315224284e+01
1.379999999999999893e+01 8.918022383377468998e+01
1.381599999999999895e+01 8.948453651453350233e+01
1.383199999999999896e+01 8.978934337611052285e+01
1.384799999999999898e+01 9.009060448932073939e+01
1.386399999999999899e+01 9.038478892117132091e+01
1.387999999999999901e+01 9.066896450613924685e+01
1.389599999999999902e+01 9.094120116005382215e+01
1.391199999999999903e+01 9.120063558629360045e+01
1.392799999999999905e+01 9.144726202299381157e+01
1.394399999999999906e+01 9.168266275496755213e+01
1.395999999999999908e+01 9.191003691195454905e+01
1.397599999999999909e+01 9.213370622834055723e+01
1.399199999999999910e+01 9.235889743447906142e+01
1.400799999999999912e+01 9.259111356823159156e+01
1.402399999999999913e+01 9.283423661359363166e+01
1.403999999999999915e+01 9.309025249806884972e+01
1.405599999999999916e+01 9.335795127595895337e+01
1.407199999999999918e+01 9.363314859222296604e+01
1.408799999999999919e+01 9.390923878584398210e+01
1.410399999999999920e+01 9.417849678412162007e+01
1.411999999999999922e+01 9.443384316958439229e+01
1.413599999999999923e+01 9.467018776307806149e+01
1.415199999999999925e+01 9.488567391654100902e+01
1.416799999999999926e+01 9.508152128607235909e+01
1.418399999999999928e+01 9.526187797823749293e+01
1.419999999999999929e+01 9.543266514775504561e+01
1.421599999999999930e+01 9.560026509709665277e+01
1.423199999999999932e+01 9.577085243686654792e+01
1.424799999999999933e+01 9.594901214014619484e+01
1.426399999999999935e+01 9.613762770389431012e+01
1.427999999999999936e+01 9.633754780501995185e+01
1.429599999999999937e+01 9.654820131817274387e+01
1.431199999999999939e+01 9.676739930940040324e+01
1.432799999999999940e+01 9.699200917536275313e+01
1.434399999999999942e+01 9.721827456979092119e+01
1.435999999999999943e+01 9.744238583795595332e+01
1.437599999999999945e+01 9.766083907062748892e+01
1.439199999999999946e+01 9.787094655470983184e+01
1.440799999999999947e+01 9.807114406315415067e+01
1.442399999999999949e+01 9.826135435797571915e+01
1.443999999999999950e+01 9.844224014671897294e+01
1.445599999999999952e+01 9.861576950695912558e+01
1.447199999999999953e+01 9.878465220726685914e+01
1.448799999999999955e+01 9.895220241960099372e+01
1.450399999999999956e+01 9.912167800712637700e+01
1.451999999999999957e+01 9.929620645278978941e+01
1.453599999999999959e+01 9.947813356166605558e+01
1.455199999999999960e+01 9.966888151557796505e+01
1.456799999999999962e+01 9.986874809088104143e+01
1.458399999999999963e+01 1.000767258055338402e+02
1.459999999999999964e+01 1.002905961869435600e+02
1.461599999999999966e+01 1.005076572485168356e+02
1.463199999999999967e+01 1.007251061283608919e+02
1.464799999999999969e+01 1.009407978101578465e+02
1.466399999999999970e+01 1.011531008805131364e+02
1.467999999999999972e+01 1.013620396696764914e+02
1.469599999999999973e+01 1.015684923563873951e+02
1.471199999999999974e+01 1.017742124354124513e+02
1.472799999999999976e+01 1.019809578720455363e+02
1.474399999999999977e+01 1.021902541312257995e+02
1.475999999999999979e+01 1.024026335268901846e+02
1.477599999999999980e+01 1.026180578760281321e+02
1.479199999999999982e+01 1.028355893571990833e+02
1.480799999999999983e+01 1.030542037318034687e+02
1.482399999999999984e+01 1.032730339606376333e+02
1.483999999999999986e+01 1.034920712880140599e+02
1.485599999999999987e+01 1.037121281910280288e+02
1.487199999999999989e+01 1.039347515544217231e+02
1.488799999999999990e+01 1.041619647569087164e+02
1.490399999999999991e+01 1.043956321343790705e+02
1.491999999999999993e+01 1.046367736193196549e+02
1.493599999999999994e+01 1.048857148152134044e+02
1.495199999999999996e+01 1.051414642815164058e+02
1.496799999999999997e+01 1.054023350561561756e+02
1.498399999999999999e+01 1.056659403566803235e+02
1.500000000000000000e+01 1.059296620719562441e+02
1.501600000000000001e+01 1.061904274566511788e+02
1.503200000000000003e+01 1.064446836622702790e+02
1.504800000000000004e+01 1.066884218871639831e+02
1.506400000000000006e+01 1.069172884675111277e+02
1.508000000000000007e+01 1.071265459648926850e+02
1.509600000000000009e+01 1.073125885213431872e+02
1.511200000000000010e+01 1.074731183131495129e+02
1.512800000000000011e+01 1.076079932907800725e+02
1.514400000000000013e+01 1.077199093804834291e+02
1.516000000000000014e+01 1.078144854514481494e+02
1.517600000000000016e+01 1.078993454133789385e+02
1.519200000000000017e+01 1.079830369518915063e+02
1.520800000000000018e+01 1.080735827868511336e+02
1.522400000000000020e+01 1.081776850466657152e+02
1.524000000000000021e+01 1.082993931939426204e+02
1.525600000000000023e+01 1.084401261964942194e+02
1.527200000000000024e+01 1.085985570722267113e+02
1.528800000000000026e+01 1.087711966020509777e+02
1.530400000000000027e+01 1.089534389381791186e+02
1.532000000000000028e+01 1.091402502502405127e+02
1.533600000000000030e+01 1.093269205832651210e+02
1.535200000000000031e+01 1.095099470227950604e+02
1.536799999999999855e+01 1.096873809598759379e+02
1.538399999999999856e+01 1.098594383344432686e+02
1.539999999999999858e+01 1.100281982657565862e+02
1.541599999999999859e+01 1.101973788581291416e+02
1.543199999999999861e+01 1.103715638161113617e+02
1.544799999999999862e+01 1.105556305919594138e+02
1.546399999999999864e+01 1.107536845251478894e+02
1.547999999999999865e+01 1.109680844011764123e+02
1.549599999999999866e+01 1.111990300556010993e+02
1.551199999999999868e+01 1.114444935477266796e+02
1.552799999999999869e+01 1.117001671697707508e+02
1.554399999999999871e+01 1.119612157292922348e+02
1.555999999999999872e+01 1.122228276774477109e+02
1.557599999999999874e+01 1.124816724429333590e+02
1.559199999999999875e+01 1.127368611443319679e+02
1.560799999999999876e+01 1.129902773217028198e+02
1.562399999999999878e+01 1.132461504092055264e+02
1.563999999999999879e+01 1.135106261536935506e+02
1.565599999999999881e+01 1.137901989542241097e+02
1.567199999999999882e+01 1.140904133235409859e+02
1.568799999999999883e+01 1.144147450910072479e+02
1.570399999999999885e+01 1.147638304739560766e+02
1.571999999999999886e+01 1.151349883774000489e+02
1.573599999999999888e+01 1.155229983150717317e+02
1.575199999999999889e+01 1.159205898638358292e+02
1.576799999999999891e+01 1.163190141359017531e+02
1.578399999999999892e+01 1.167094621571011288e+02
1.579999999999999893e+01 1.170830017951538764e+02
1.581599999999999895e+01 1.174310292500719015e+02
1.583199999999999896e+01 1.177452401630603873e+02
1.584799999999999898e+01 1.180187473148152151e+02
1.586399999999999899e+01 1.182453392042540230e+02
1.587999999999999901e+01 1.184211768596854029e+02
1.589599999999999902e+01 1.185455837646516954e+02
1.591199999999999903e+01 1.186213955454592934e+02
1.592799999999999905e+01 1.186558959393339592e+02
1.594399999999999906e+01 1.186599897642084613e+02
1.595999999999999908e+01 1.186465663010430944e+02
1.597599999999999909e+01 1.186286458365642602e+02
1.599200000000000088e+01 1.186166375406844509e+02
