0.2 0.11409711098045638
0.21581581581581583 0.12851062809055047
0.23163163163163164 0.13876410105209358
0.24744744744744746 0.14474846451817458
0.26326326326326327 0.1465597652690872
0.2790790790790791 0.144487410556276
0.29489489489489495 0.13899291800502367
0.31071071071071077 0.13068045026359532
0.3265265265265266 0.12026083495522111
0.3423423423423424 0.10851109260917413
0.3581581581581582 0.0962317055091535
0.373973973973974 0.08420394836796863
0.38978978978978984 0.07314956369377923
0.40560560560560566 0.06369490380543286
0.42142142142142147 0.05634138749424944
0.4372372372372373 0.05144374821177833
0.4530530530530531 0.049197103458673674
0.4688688688688689 0.04963337681962643
0.48468468468468473 0.05262708248560388
0.5005005005005005 0.05790996583963148
0.5163163163163164 0.06509351094701721
0.5321321321321322 0.07369790271383925
0.547947947947948 0.08318569070611848
0.5637637637637638 0.09299816110570291
0.5795795795795797 0.1025922953182038
0.5953953953953954 0.11147618436263773
0.6112112112112114 0.11924087681738349
0.6270270270270271 0.1255868577457726
0.642842842842843 0.13034367360581744
0.6586586586586587 0.1334816153142414
0.6744744744744746 0.13511482581338008
0.6902902902902903 0.13549568416287572
0.7061061061061062 0.13500080831255667
0.721921921921922 0.13410948626062147
0.7377377377377379 0.13337576469100088
0.7535535535535536 0.1333957727172007
0.7693693693693695 0.13477211743734996
0.7851851851851852 0.13807734411439565
0.8010010010010011 0.1438184992100937
0.8168168168168168 0.15240476765426147
0.8326326326326328 0.16411998124145
0.8484484484484485 0.17910152340925833
0.8642642642642644 0.19732680259730195
0.8800800800800801 0.21860805196327104
0.895895895895896 0.2425957606620588
0.9117117117117117 0.2687905762512727
0.9275275275275277 0.2965630646016201
0.9433433433433434 0.3251802975349384
0.9591591591591593 0.3538378815544976
0.9749749749749752 0.38169576223492774
0.9907907907907909 0.40791595236673295
1.0066066066066068 0.4317002468339889
1.0224224224224225 0.45232600680734836
1.0382382382382385 0.4691782177396788
1.0540540540540542 0.4817762418658599
1.06986986986987 0.4897939833796162
1.0856856856856858 0.493072545867146
1.1015015015015017 0.49162486634574165
1.1173173173173174 0.4856322357440771
1.1331331331331334 0.47543303844424034
1.148948948948949 0.4615044406858454
1.164764764764765 0.4444381081007245
1.1805805805805807 0.4249113182278753
1.1963963963963966 0.403655040275292
1.2122122122122123 0.3814206719999145
1.2280280280280282 0.3589471478107401
1.243843843843844 0.33693006376250745
1.2596596596596599 0.315994309824715
1.2754754754754756 0.29667146821986556
1.2912912912912915 0.2793829432961673
1.3071071071071072 0.26442945104476756
1.3229229229229231 0.25198713478504753
1.3387387387387388 0.2421102084454143
1.3545545545545548 0.23473968071867168
1.3703703703703705 0.22971740120740802
1.3861861861861864 0.22680441005643615
1.402002002002002 0.22570237868420207
1.417817817817818 0.22607681020030856
1.4336336336336337 0.22758062855487204
1.4494494494494496 0.2298768253493586
1.4652652652652653 0.23265894790523278
1.4810810810810813 0.23566839276869445
1.496896896896897 0.23870770283313092
1.512712712712713 0.24164933836494962
1.5285285285285286 0.24443968522662463
1.5443443443443445 0.2470983594758891
1.5601601601601602 0.2497131485016334
1.5759759759759762 0.2524311784477369
1.5917917917917919 0.25544710163539464
1.6076076076076078 0.25898924483707497
1.6234234234234235 0.2633047420660136
1.6392392392392394 0.26864469056933804
1.6550550550550551 0.275250316699558
1.670870870870871 0.28334102413295337
1.6866866866866868 0.2931050290939915
1.7025025025025027 0.3046930775967702
1.7183183183183186 0.318215502413391
1.7341341341341343 0.3337426282415843
1.7499499499499502 0.35130828864329877
1.765765765765766 0.3709159935943902
1.7815815815815819 0.3925470963500356
1.7973973973973976 0.4161701649409024
1.8132132132132135 0.4417506761149539
1.8290290290290292 0.4692601235217442
1.8448448448448451 0.49868366911436224
1.8606606606606608 0.5300255648607746
1.8764764764764768 0.5633117248268245
1.8922922922922925 0.5985890259813758
1.9081081081081084 0.6359211472733663
1.923923923923924 0.675381006115525
1.93973973973974 0.7170401036146636
1.9555555555555557 0.760955328659889
1.9713713713713716 0.8071539809453561
1.9871871871871873 0.8556179404020069
2.0030030030030033 0.9062680240288761
2.018818818818819 0.9589496225735008
2.034634634634635 1.01342069438481
2.050450450450451 1.0693431114640684
2.0662662662662665 1.1262782066892851
2.0820820820820822 1.183687168639147
2.0978978978978984 1.240936682086132
2.113713713713714 1.2973099315972514
2.12952952952953 1.3520227883828437
2.1453453453453455 1.4042447033633016
2.1611611611611616 1.4531235494012478
2.1769769769769773 1.4978134090413455
2.192792792792793 1.5375041054911198
2.208608608608609 1.5714511360086667
2.224424424424425 1.599004597144166
2.2402402402402406 1.619635695459691
2.2560560560560567 1.632959516405422
2.2718718718718725 1.6387528747908904
2.287687687687688 1.6369662855933433
2.303503503503504 1.6277293629123708
2.31931931931932 1.6113492638990121
2.3351351351351357 1.5883021273687283
2.3509509509509514 1.5592177960650973
2.366766766766767 1.5248584392539732
2.3825825825825833 1.486091991125524
2.398398398398399 1.44386157449849
2.4142142142142147 1.3991522750671943
2.4300300300300304 1.3529567585312128
2.4458458458458465 1.3062412747025132
2.4616616616616622 1.259913566437154
2.477477477477478 1.2147940985060859
2.4932932932932936 1.1715918479031897
2.50910910910911 1.1308856619543606
2.5249249249249255 1.093111906547643
2.540740740740741 1.058558809002709
2.556556556556557 1.02736756539899
2.572372372372373 0.9995399482310278
2.5881881881881887 0.9749518345271296
2.6040040040040044 0.9533717934021161
2.61981981981982 0.9344836397682948
2.6356356356356363 0.9179116891934209
2.651451451451452 0.9032473459007393
2.6672672672672677 0.8900756261074912
2.6830830830830834 0.8780002627666873
2.6988988988988996 0.8666661518191432
2.7147147147147153 0.8557780770527901
2.730530530530531 0.8451148800802908
2.746346346346347 0.8345385105736755
2.762162162162163 0.8239976845907867
2.7779779779779785 0.8135261793625557
2.7937937937937942 0.8032360848666156
2.8096096096096104 0.7933066001893558
2.825425425425426 0.7839691919361945
2.8412412412412418 0.7754901109657859
2.8570570570570575 0.7681513836079984
2.8728728728728736 0.762231448767785
2.8886886886886893 0.7579866010431919
2.904504504504505 0.7556343240091492
2.9203203203203207 0.7553394624887653
2.936136136136137 0.7572039964913378
2.9519519519519526 0.7612609537572517
2.9677677677677683 0.7674727457491897
2.983583583583584 0.7757339479612517
2.9993993993994 0.7858782845190211
3.015215215215216 0.7976893337614992
3.0310310310310316 0.8109142591900562
3.0468468468468473 0.8252797002918238
3.0626626626626634 0.8405088392332276
3.078478478478479 0.8563385982397981
3.094294294294295 0.8725359213380812
3.1101101101101105 0.8889121523790927
3.1259259259259267 0.9053346349565394
3.1417417417417424 0.9217348220280873
3.157557557557558 0.9381123842064214
3.1733733733733738 0.9545350342439736
3.18918918918919 0.9711340282651677
3.2050050050050056 0.9880955482461315
3.2208208208208213 1.0056484016705867
3.2366366366366375 1.024048680627118
3.252452452452453 1.0435621928176555
3.268268268268269 1.064445602096964
3.2840840840840846 1.086927289908141
3.2998998998999007 1.1111889678496452
3.3157157157157164 1.1373490351594542
3.331531531531532 1.165448585686531
3.347347347347348 1.1954408323064807
3.363163163163164 1.2271845405696369
3.3789789789789797 1.2604418574953966
3.3947947947947954 1.2948806971350677
3.410610610610611 1.33008161390764
3.4264264264264273 1.365548869994292
3.442242242242243 1.4007251959553988
3.4580580580580587 1.435009564757618
3.4738738738738744 1.4677771574237426
3.4896896896896905 1.498400600264776
3.505505505505506 1.5262715033906558
3.521321321321322 1.5508213295643762
3.5371371371371376 1.571540670447971
3.5529529529529538 1.587996100330832
3.5687687687687695 1.5998439096837473
3.584584584584585 1.6068401845775853
3.600400400400401 1.608846883919237
3.616216216216217 1.605833764440567
3.6320320320320327 1.5978762029242382
3.6478478478478484 1.585149155976051
3.663663663663664 1.5679176702322888
3.6794794794794803 1.5465245019493619
3.695295295295296 1.5213755178475077
3.7111111111111117 1.4929236242194064
3.7269269269269274 1.461652006169715
3.7427427427427435 1.428057453141719
3.7585585585585592 1.3926345024918239
3.774374374374375 1.355861053656554
3.790190190190191 1.3181859969940009
3.806006006006007 1.2800192705923628
3.8218218218218225 1.2417246130650557
3.837637637637638 1.203615128899119
3.8534534534534544 1.1659516335870732
3.86926926926927 1.1289436063860763
3.8850850850850858 1.0927524560726332
3.9009009009009015 1.0574967052351512
3.9167167167167176 1.0232586257196916
3.9325325325325333 0.9900918144022471
3.948348348348349 0.9580291853506483
3.9641641641641647 0.9270908707946913
3.979979979979981 0.8972915666853665
3.9957957957957966 0.8686469251479036
4.011611611611612 0.8411786808626186
4.027427427427428 0.8149182956038541
4.043243243243244 0.7899090086688788
4.059059059059059 0.7662062845195561
4.074874874874875 0.743876746726448
4.090690690690691 0.7229957739616883
4.106506506506507 0.7036440049496975
4.122322322322323 0.6859030516836921
4.138138138138139 0.669850751832724
4.1539539539539545 0.6555563013914578
4.16976976976977 0.6430755978468069
4.185585585585586 0.6324470942324012
4.2014014014014025 0.6236884182295135
4.217217217217218 0.6167939515881093
4.233033033033034 0.6117334977867104
4.24884884884885 0.6084520945166747
4.264664664664665 0.6068709567639934
4.280480480480481 0.6068894702052299
4.296296296296297 0.6083880970628772
4.312112112112113 0.6112320105005626
4.327927927927929 0.6152752412436366
4.343743743743745 0.6203651026000927
4.35955955955956 0.6263466576662835
4.375375375375376 0.6330670045207187
4.391191191191192 0.6403791800687684
4.4070070070070075 0.6481455186130232
4.422822822822823 0.6562403443572331
4.43863863863864 0.664551924735415
4.4544544544544555 0.6729836603975314
4.470270270270271 0.6814545346759473
4.486086086086087 0.689898887490786
4.501901901901903 0.6982656134804591
4.517717717717718 0.7065169098208425
4.533533533533534 0.7146267145726233
4.54934934934935 0.7225789810605723
4.565165165165166 0.7303659280651977
4.580980980980982 0.7379863905035162
4.596796796796798 0.7454443723868063
4.6126126126126135 0.7527478752229868
4.628428428428429 0.7599080430368276
4.644244244244245 0.766938632303023
4.660060060060061 0.7738557837759715
4.675875875875876 0.7806780457016775
4.691691691691693 0.7874265761059726
4.707507507507509 0.7941254371934249
4.723323323323324 0.8008018882327838
4.73913913913914 0.807486584918273
4.754954954954956 0.8142136027496918
4.770770770770771 0.8210202185705194
4.786586586586587 0.8279464066533146
4.802402402402404 0.8350340318512866
4.818218218218219 0.8423257503138866
4.834034034034035 0.8498636559513619
4.849849849849851 0.8576877361257775
4.8656656656656665 0.8658342210249566
4.881481481481482 0.8743339262361448
4.897297297297298 0.8832106959951355
4.913113113113114 0.8924800547616818
4.92892892892893 0.9021481670257026
4.944744744744746 0.9122111899954917
4.960560560560562 0.9226550819962509
4.976376376376377 0.9334559024109468
4.992192192192193 0.9445806085870672
5.008008008008009 0.9559883233209642
5.023823823823824 0.9676320154390563
5.03963963963964 0.9794605077187573
5.055455455455457 0.9914207028637175
5.071271271271272 1.0034599011079792
5.087087087087088 1.0155280735122134
5.102902902902904 1.0275799538903376
5.1187187187187195 1.0395768197913684
5.134534534534535 1.05148784873401
5.150350350350351 1.063290959093211
5.166166166166167 1.0749730743320285
5.181981981981983 1.0865297829249132
5.197797797797799 1.0979644023067496
5.213613613613615 1.1092864913189717
5.22942942942943 1.1205098896954961
5.245245245245246 1.1316503930331796
5.261061061061062 1.142723195561084
5.2768768768768775 1.153740249354043
5.292692692692694 1.164707696373311
5.30850850850851 1.1756235283209573
5.3243243243243255 1.1864756187755674
5.340140140140141 1.1972402529949233
5.355955955955957 1.2078812542030548
5.371771771771773 1.2183497726516057
5.387587587587588 1.2285847671445993
5.403403403403404 1.2385141701715936
5.419219219219221 1.2480566895530587
5.435035035035036 1.2571241637908228
5.450850850850852 1.2656243572106094
5.466666666666668 1.2734640562823678
5.482482482482483 1.2805523116247581
5.498298298298299 1.28680366209575
5.514114114114115 1.2921411784759753
5.5299299299299305 1.2964991744578882
5.545745745745747 1.29982545132271
5.561561561561563 1.3020829686892201
5.5773773773773785 1.3032508655045614
5.593193193193194 1.3033247911436177
5.60900900900901 1.3023165440052202
5.624824824824826 1.3002530521695292
5.640640640640641 1.2971747653833916
5.656456456456457 1.2931335579094987
5.672272272272274 1.2881902659328746
5.688088088088089 1.2824119999645367
5.703903903903905 1.2758693811669772
5.719719719719721 1.2686338503938979
5.735535535535536 1.2607751901409863
5.751351351351352 1.2523593831923265
5.767167167167168 1.2434469086133322
5.782982982982984 1.2340915473578926
5.7987987987988 1.2243397378810936
5.814614614614616 1.2142304887117283
5.8304304304304315 1.203795821931932
5.846246246246247 1.1930616908652643
5.862062062062063 1.1820492887460583
5.877877877877879 1.170776644212714
5.893693693693694 1.1592603852575163
5.909509509509511 1.1475175464771596
5.925325325325327 1.1355672953484581
5.941141141141142 1.1234324615881441
5.956956956956958 1.1111407687890504
5.972772772772774 1.098725688408417
5.9885885885885894 1.086226861444905
6.004404404404405 1.0736900611707323
6.020220220220221 1.0611666993407884
6.0360360360360374 1.0487129066106236
6.051851851851853 1.0363882437679663
6.067667667667669 1.0242541223057566
6.0834834834834846 1.0123720295938532
6.0992992992993 1.0008016645342914
6.115115115115116 0.9895990935900463
6.130930930930932 0.9788150343486832
6.146746746746747 0.9684933646183719
6.162562562562564 0.958669940136345
6.17837837837838 0.9493717843158873
6.194194194194195 0.9406166903512626
6.210010010010011 0.9324132509087604
6.225825825825827 0.9247613051158375
6.2416416416416425 0.9176527681738966
6.257457457457458 0.9110727871189297
6.273273273273275 0.9050011483074727
6.2890890890890905 0.8994138491228628
6.304904904904906 0.8942847388722267
6.320720720720722 0.8895871322192807
6.336536536536538 0.8852953027467582
6.352352352352353 0.8813857739823876
6.368168168168169 0.877838339743648
6.383983983983985 0.8746367639714149
6.399799799799801 0.8717691311316985
6.415615615615617 0.8692278404345881
6.431431431431433 0.8670092591671376
6.447247247247248 0.8651130710153203
6.463063063063064 0.8635413731305143
6.47887887887888 0.8622975898408222
6.4946946946946955 0.8613852805308124
6.510510510510511 0.8608069238237623
6.526326326326328 0.860562759626262
6.5421421421421435 0.8606497649877253
6.557957957957959 0.8610608295463948
6.573773773773775 0.8617841823115631
6.589589589589591 0.8628031046242582
6.605405405405406 0.8640959454598027
6.621221221221222 0.8656364359863766
6.637037037037038 0.8673942816853488
6.652852852852854 0.8693359935178508
6.66866866866867 0.8714259055988058
6.684484484484486 0.8736273164297143
6.700300300300301 0.875903684517469
6.716116116116117 0.8782198074669925
6.731931931931933 0.8805429163918543
6.7477477477477485 0.8828436244678144
6.763563563563564 0.8850966791276935
6.779379379379381 0.8872814810080684
6.7951951951951965 0.8893823483842734
6.811011011011012 0.8913885224357492
6.826826826826828 0.8932939251921489
6.842642642642644 0.8950966973712295
6.858458458458459 0.89679855657375
6.874274274274275 0.8984040266407719
6.890090090090092 0.899919595796654
6.905905905905907 0.9013528641231324
6.921721721721723 0.9027117398171318
6.937537537537539 0.9040037387163207
6.9533533533533545 0.9052354331161285
6.96916916916917 0.9064120845513142
6.984984984984986 0.9075374817513625
7.000800800800802 0.9086139903031286
7.016616616616618 0.9096428056323803
7.032432432432434 0.9106243867172596
7.04824824824825 0.9115590353815743
7.064064064064065 0.9124475758790107
7.079879879879881 0.9132920824011356
7.095695695695697 0.9140965985503287
7.111511511511512 0.9148677929145301
7.127327327327328 0.9156154986279554
7.143143143143145 0.9163530919329406
7.15895895895896 0.9170976747929704
7.174774774774776 0.9178700388864914
7.190590590590592 0.9186944020404662
7.2064064064064075 0.9195979224630731
7.222222222222223 0.9206100101002131
7.238038038038039 0.9217614671941857
7.253853853853855 0.9230835008734928
7.269669669669671 0.9246066586922302
7.285485485485487 0.9263597429815897
7.301301301301303 0.9283687613921858
7.317117117117118 0.9306559690293982
7.332932932932934 0.9332390522688122
7.34874874874875 0.9361304960462291
7.364564564564565 0.9393371656894213
7.380380380380382 0.9428601218853118
7.396196196196198 0.946694673945665
7.412012012012013 0.9508306629858378
7.427827827827829 0.955252953800415
7.443643643643645 0.9599421028867975
7.4594594594594605 0.9648751609091095
7.475275275275276 0.970026561441128
7.491091091091092 0.9753690444326009
7.5069069069069085 0.9808745626659257
7.522722722722724 0.9865151224631736
7.53853853853854 0.992263515821936
7.554354354354356 0.9980939095768391
7.570170170170171 1.003982267525164
7.585985985985987 1.0099065930300437
7.601801801801803 1.015846991665896
7.6176176176176185 1.021785565221681
7.633433433433435 1.0277061590826095
7.649249249249251 1.0335939940019112
7.6650650650650665 1.0394352200022774
7.680880880880882 1.0452164342152996
7.696696696696698 1.0509242056565722
7.712512512512514 1.0565446482121241
7.728328328328329 1.0620630786347454
7.744144144144145 1.0674637894488503
7.759959959959962 1.0727299578250866
7.775775775775777 1.0778437013165636
7.791591591591593 1.0827862805333102
7.807407407407409 1.0875384380918431
7.823223223223224 1.0920808532229989
7.83903903903904 1.0963946829070987
7.854854854854856 1.1004621538866375
7.870670670670672 1.1042671658051701
7.886486486486488 1.1077958642996928
7.902302302302304 1.11103714421988
7.9181181181181195 1.1139830471683956
7.933933933933935 1.1166290239864163
7.949749749749751 1.1189740412265154
7.965565565565567 1.1210205205126944
7.981381381381382 1.1227741103442699
7.997197197197199 1.124243300665611
8.013013013013014 1.1254389007002101
8.02882882882883 1.1263734094764417
8.044644644644645 1.127060315574956
8.060460460460462 1.1275133674422566
8.076276276276277 1.1277458578258182
8.092092092092093 1.1277699653432132
8.107907907907908 1.1275961929261529
8.123723723723725 1.1272329370783736
8.139539539539541 1.126686213912588
8.155355355355356 1.1259595582825344
8.171171171171173 1.125054101603962
8.186986986986987 1.1239688228338034
8.202802802802804 1.12270095624642
8.218618618618619 1.1212465297885579
8.234434434434435 1.1196009995291734
8.25025025025025 1.117759939566437
8.266066066066067 1.1157197431005885
8.281881881881882 1.1134782894612842
8.297697697697698 1.1110355337552515
8.313513513513515 1.1083939803647287
8.32932932932933 1.105559008503046
8.345145145145146 1.102539026995499
8.360960960960961 1.0993454458533916
8.376776776776778 1.0959924634102127
8.392592592592592 1.0924966791056892
8.408408408408409 1.0888765527432036
8.424224224224226 1.0851517405520823
8.44004004004004 1.0813423460775733
8.455855855855857 1.0774681293287738
8.471671671671672 1.0735477204088826
8.487487487487488 1.0695978838634377
8.503303303303303 1.065632877210729
8.51911911911912 1.0616639417335667
8.534934934934935 1.0576989559405594
8.550750750750751 1.0537422726131649
8.566566566566568 1.0497947496161746
8.582382382382383 1.0458539733115424
8.5981981981982 1.041914662160121
8.614014014014014 1.0379692275967294
8.62982982982983 1.0340084601464088
8.645645645645645 1.030022301553059
8.661461461461462 1.0260006588367683
8.677277277277279 1.0219342139610899
8.693093093093093 1.0178151832951146
8.70890890890891 1.0136379842513386
8.724724724724725 1.0093997721615182
8.740540540540541 1.0051008182639714
8.756356356356356 1.0007447091370836
8.772172172172173 0.9963383584498637
8.787987987987988 0.9918918328764739
8.803803803803804 0.9874180047818197
8.81961961961962 0.9829320541926497
8.835435435435436 0.9784508510430097
8.851251251251252 0.9739922552358207
8.867067067067067 0.9695743763250536
8.882882882882884 0.9652148363677364
8.898698698698698 0.9609300786474061
8.914514514514515 0.9567347616120674
8.930330330330332 0.9526412717313784
8.946146146146146 0.9486593814243716
8.961961961961963 0.9447960692157935
8.977777777777778 0.9410555094015034
8.993593593593594 0.9374392283426686
9.00940940940941 0.9339464146750824
9.025225225225226 0.9305743617961129
9.041041041041042 0.927319013497261
9.056856856856857 0.9241755779712773
9.072672672672674 0.9211391719478197
9.088488488488489 0.9182054555743535
9.104304304304305 0.9153712198896449
9.12012012012012 0.9126348922228884
9.135935935935937 0.9099969303450185
9.151751751751751 0.9074600833357831
9.167567567567568 0.9050295054529399
9.183383383383385 0.9027127182767726
9.1991991991992 0.9005194255008528
9.215015015015016 0.8984611933983521
9.230830830830831 0.8965510176981943
9.246646646646647 0.8948028039099726
9.262462462462462 0.8932307926870304
9.278278278278279 0.8918489643728561
9.294094094094095 0.8906704573223894
9.30990990990991 0.889707032943256
9.325725725725727 0.8889686168061488
9.341541541541542 0.8884629398888337
9.357357357357358 0.8881952974032541
9.373173173173173 0.8881684351431212
9.38898898898899 0.8883825653599269
9.404804804804806 0.8888355063241823
9.420620620620621 0.8895229324366803
9.436436436436438 0.8904387154581153
9.452252252252253 0.8915753324902169
9.468068068068069 0.8929243130414586
9.483883883883884 0.8944766960118066
9.4996996996997 0.8962234677847325
9.515515515515515 0.8981559547549735
9.531331331331332 0.9002661473712403
9.547147147147149 0.9025469378609543
9.562962962962963 0.9049922598777953
9.57877877877878 0.9075971249663293
9.594594594594595 0.9103575575373528
9.610410410410411 0.9132704365588238
9.626226226226226 0.9163332579837055
9.642042042042043 0.9195438367037764
9.65785785785786 0.9228999702575118
9.673673673673674 0.9263990884412292
9.68948948948949 0.9300379132873328
9.705305305305306 0.9338121525980219
9.721121121121122 0.9377162474754048
9.736936936936937 0.9417431902800167
9.752752752752754 0.9458844244672047
9.768568568568568 0.9501298321398159
9.784384384384385 0.9544678092956017
9.800200200200202 0.9588854230270769
9.816016016016016 0.9633686397226656
9.831831831831833 0.9679026089528306
9.847647647647648 0.972471984474716
9.863463463463464 0.9770612618469237
9.87927927927928 0.9816551116163692
9.895095095095096 0.9862386879310641
9.910910910910912 0.9907978946611841
9.926726726726727 0.99531959450384
9.942542542542544 0.9997917508573609
9.958358358358359 1.0042034971738762
9.974174174174175 1.0085451336925697
9.98998998998999 1.012808056564129
10.005805805805807 1.0169846290531772
10.021621621621623 1.021068008435551
10.037437437437438 1.025051945129876
10.053253253253255 1.0289305723261633
10.06906906906907 1.0326982047883149
10.084884884884886 1.0363491645912382
10.1007007007007 1.0398776493749111
10.116516516516517 1.0432776554101943
10.132332332332332 1.0465429636012273
10.148148148148149 1.0496671917827547
10.163963963963965 1.0526439116331796
10.17977977977978 1.05546682355934
10.195595595595597 1.0581299783561844
10.211411411411412 1.0606280306161546
10.227227227227228 1.062956506024235
10.243043043043043 1.065112063025537
10.25885885885886 1.0670927290152976
10.274674674674676 1.0688980922124425
10.290490490490491 1.0705294326850516
10.306306306306308 1.071989779461363
10.322122122122122 1.0732838850690196
10.337937937937939 1.0744181139207716
10.353753753753754 1.0754002463843078
10.36956956956957 1.0762392057903876
10.385385385385387 1.0769447206977343
10.401201201201202 1.077526939116309
10.417017017017018 1.077996014804959
10.432832832832833 1.0783616879772786
10.44864864864865 1.078632883617725
10.464464464464465 1.0788173500600136
10.480280280280281 1.078921358532261
10.496096096096096 1.0789494811369709
10.511911911911913 1.0789044603991034
10.52772772772773 1.078787178342028
10.543543543543544 1.0785967273525665
10.55935935935936 1.0783305792197857
10.575175175175175 1.077984843037089
10.590990990990992 1.077554597492327
10.606806806806807 1.0770342787528404
10.622622622622623 1.076418101946097
10.63843843843844 1.0757004923379438
10.654254254254255 1.0748765018346818
10.670070070070071 1.0739421874095312
10.685885885885886 1.0728949304164743
10.701701701701703 1.071733679357311
10.717517517517518 1.0704591032874304
10.733333333333334 1.0690736483966012
10.749149149149149 1.067581496053443
10.764964964964966 1.0659884264031791
10.780780780780782 1.064301597103639
10.796596596596597 1.062529251640902
10.812412412412414 1.06068037559168
10.828228228228229 1.058764321962274
10.844044044044045 1.056790428175245
10.85985985985986 1.0547676473197223
10.875675675675677 1.0527042149418635
10.891491491491493 1.0506073700272063
10.907307307307308 1.0484831450947232
10.923123123123125 1.0463362357296215
10.93893893893894 1.0441699547265086
10.954754754754756 1.041986270627583
10.97057057057057 1.0397859251649133
10.986386386386387 1.0375686192844402
11.002202202202204 1.0353332533439146
11.018018018018019 1.033078203989261
11.033833833833835 1.0308016183098634
11.04964964964965 1.0285017052616163
11.065465465465467 1.0261770050522003
11.081281281281282 1.02382661914582
11.097097097097098 1.0214503866237
11.112912912912913 1.0190489966198415
11.12872872872873 1.0166240311692307
11.144544544544546 1.0141779377483895
11.160360360360361 1.0117139357265634
11.176176176176178 1.0092358655521492
11.191991991991992 1.0067479934680612
11.207807807807809 1.0042547876188432
11.223623623623624 1.0017606833781145
11.23943943943944 0.9992698564564356
11.255255255255257 0.9967860217970995
11.271071071071072 0.9943122744651057
11.286886886886888 0.9918509857994
11.302702702702703 0.9894037642219101
11.31851851851852 0.98697148553317
11.334334334334335 0.9845543925740738
11.350150150150151 0.9821522591242211
11.365965965965968 0.9797646081732965
11.381781781781783 0.9773909705612263
11.3975975975976 0.9750311667177455
11.413413413413414 0.9726855920701171
11.42922922922923 0.9703554857871785
11.445045045045045 0.96804316296653
11.460860860860862 0.9657521921415085
11.476676676676677 0.9634875029916373
11.492492492492493 0.961255413209715
11.50830830830831 0.959063568365607
11.524124124124125 0.9569207940107077
11.539939939939941 0.9548368648508585
11.555755755755756 0.9528222012263464
11.571571571571573 0.950887508029021
11.587387387387388 0.949043375240472
11.603203203203204 0.9472998622221231
11.61901901901902 0.9456660895246229
11.634834834834836 0.9441498621860278
11.650650650650652 0.942757347219974
11.666466466466467 0.9414928253113085
11.682282282282284 0.9403585327810171
11.698098098098098 0.9393546048787206
11.713913913913915 0.9384791257007149
11.72972972972973 0.9377282838557127
11.745545545545546 0.9370966267795182
11.761361361361363 0.9365774007110689
11.777177177177178 0.9361629581463882
11.792992992992994 0.9358452104061562
11.80880880880881 0.9356161000502208
11.824624624624626 0.9354680664365639
11.84044044044044 0.9353944778537748
11.856256256256257 0.9353900053616163
11.872072072072074 0.9354509166652881
11.887887887887889 0.9355752728465461
11.903703703703705 0.935763016319881
11.91951951951952 0.9360159446505671
11.935335335335337 0.9363375714940491
11.951151151151151 0.9367328824998418
11.966966966966968 0.9372080001751302
11.982782782782785 0.9377697770547396
11.9985985985986 0.938425340752691
12.014414414414416 0.9391816173197529
12.03023023023023 0.9400448606266365
12.046046046046047 0.9410202151517879
12.061861861861862 0.9421113375919846
12.077677677677679 0.9433200992463091
12.093493493493494 0.944646386353387
12.10930930930931 0.9460880097705767
12.125125125125127 0.9476407289164335
12.140940940940942 0.9492983881398861
12.156756756756758 0.9510531570348326
12.172572572572573 0.9528958600848575
12.18838838838839 0.9548163757668837
12.204204204204204 0.9568040811798852
12.220020020020021 0.9588483156390771
12.235835835835838 0.9609388356448239
12.251651651651652 0.9630662342607906
12.267467467467469 0.9652223001798851
12.283283283283284 0.9674002954842215
12.2990990990991 0.9695951360922804
12.314914914914915 0.9718034648322424
12.330730730730732 0.97402361362696
12.346546546546548 0.9762554580285663
12.362362362362363 0.9785001738921313
12.37817817817818 0.9807599119326975
12.393993993993995 0.983037410908867
12.409809809809811 0.9853355739165923
12.425625625625626 0.9876570345322642
12.441441441441443 0.9900037401772421
12.457257257257258 0.9923765790467921
12.473073073073074 0.9947750743153035
12.48888888888889 0.9971971652533346
12.504704704704706 0.9996390896144082
12.520520520520522 1.0020953754868882
12.536336336336337 1.004558944128684
12.552152152152154 1.0070213185113173
12.567967967967968 1.0094729258036692
12.583783783783785 1.0119034762160797
12.599599599599602 1.0143023958532122
12.615415415415416 1.0166592877784888
12.631231231231233 1.0189643935841177
12.647047047047048 1.0212090275074075
12.662862862862864 1.0233859565560672
12.67867867867868 1.025489703122436
12.694494494494496 1.0275167510038339
12.71031031031031 1.0294656413433796
12.726126126126127 1.0313369514333774
12.741941941941944 1.0331331562026125
12.757757757757759 1.0348583791334252
12.773573573573575 1.036518045914905
12.78938938938939 1.0381184599469262
12.805205205205207 1.039666323522166
12.821021021021021 1.0411682318503739
12.836836836836838 1.0426301688527164
12.852652652652655 1.04405703373829
12.86846846846847 1.0454522257730035
12.884284284284286 1.0468173114550454
12.9001001001001 1.0481517937066227
12.915915915915917 1.0494529969464246
12.931731731731732 1.0507160753555422
12.947547547547549 1.0519341446721895
12.963363363363365 1.053098530852355
12.97917917917918 1.0541991223196616
12.994994994994997 1.0552248066797747
13.010810810810812 1.0561639680285784
13.026626626626628 1.057005017609543
13.042442442442443 1.0577369287639975
13.05825825825826 1.058349746966557
13.074074074074074 1.0588350472480375
13.089889889889891 1.0591863143847318
13.105705705705708 1.0593992256904525
13.121521521521522 1.0594718218218708
13.137337337337339 1.059404557370942
13.153153153153154 1.0592002297996208
13.16896896896897 1.058863792079126
13.184784784784785 1.0584020608376732
13.200600600600602 1.05782333753012
13.216416416416418 1.0571369647991622
13.232232232232233 1.056352843543214
13.24804804804805 1.0554809380619221
13.263863863863865 1.0545307969254554
13.279679679679681 1.0535111159099573
13.295495495495496 1.0524293665520756
13.311311311311313 1.0512915097787514
13.327127127127127 1.0501018089168583
13.342942942942944 1.0488627504915773
13.35875875875876 1.0475750749329305
13.374574574574575 1.0462379129956174
13.390390390390392 1.044849017723969
13.406206206206207 1.043405076502646
13.422022022022023 1.0419020834214945
13.437837837837838 1.0403357490855092
13.453653653653655 1.038701923279527
13.469469469469471 1.0369970056308522
13.485285285285286 1.0352183205938024
13.501101101101103 1.0333644356158331
13.516916916916918 1.0314354050649366
13.532732732732734 1.0294329271648697
13.548548548548549 1.027360406508894
13.564364364364366 1.0252229203802274
13.580180180180182 1.0230270927599756
13.595995995995997 1.020780885218084
13.611811811811814 1.0184933185524463
13.627627627627628 1.0161741428013205
13.643443443443445 1.013833475898576
13.65925925925926 1.0114814326334685
13.675075075075076 1.0091277656567321
13.690890890890891 1.006781539062007
13.706706706706708 1.0044508526618217
13.722522522522524 1.002142631636304
13.73833833833834 0.9998624919849534
13.754154154154156 0.997614687426234
13.76996996996997 0.9954021383631595
13.785785785785787 0.9932265385715389
13.801601601601602 0.9910885306683587
13.817417417417419 0.9889879374511377
13.833233233233235 0.9869240330928483
13.84904904904905 0.9848958361031787
13.864864864864867 0.9829024050324937
13.880680680680682 0.9809431181361649
13.896496496496498 0.9790179195986166
13.912312312312313 0.9771275173346826
13.92812812812813 0.9752735206757344
13.943943943943946 0.9734585101944274
13.959759759759761 0.9716860362732521
13.975575575575578 0.9699605475062992
13.991391391391392 0.9682872543648531
14.007207207207209 0.9666719374927728
14.023023023023024 0.9651207132931459
14.03883883883884 0.9636397719319584
14.054654654654655 0.962235104379856
14.070470470470472 0.9609122355628974
14.086286286286288 0.9596759800860835
14.102102102102103 0.9585302353825854
14.11791791791792 0.9574778246408276
14.133733733733735 0.9565203986374552
14.149549549549551 0.9556584018650873
14.165365365365366 0.9548911043265067
14.181181181181183 0.9542166963219875
14.196996996997 0.9536324397324308
14.212812812812814 0.9531348659292835
14.22862862862863 0.9527200077233905
14.244444444444445 0.952383650856561
14.260260260260262 0.9521215895474476
14.276076076076077 0.9519298705753844
14.291891891891893 0.951805011310311
14.307707707707708 0.951744178903772
14.323523523523525 0.9517453204219272
14.339339339339341 0.9518072368583794
14.355155155155156 0.951929597510241
14.370970970970973 0.9521128949119189
14.386786786786788 0.9523583441672187
14.402602602602604 0.9526677338782401
14.418418418418419 0.9530432387366687
14.434234234234236 0.9534872060498547
14.450050050050052 0.954001929893879
14.465865865865867 0.9545894271421372
14.481681681681684 0.9552512292885496
14.497497497497498 0.9559882028019516
14.513313313313315 0.9568004087972786
14.52912912912913 0.9576870102208627
14.544944944944946 0.9586462316901426
14.560760760760763 0.9596753737976371
14.576576576576578 0.9607708802948107
14.592392392392394 0.961928453324299
14.60820820820821 0.9631432089678048
14.624024024024026 0.9644098629968797
14.63983983983984 0.9657229349951735
14.655655655655657 0.9670769580613469
14.671471471471472 0.9684666811510332
14.687287287287289 0.9698872517727175
14.703103103103105 0.9713343681646646
14.71891891891892 0.9728043921504131
14.734734734734737 0.9742944164613913
14.750550550550551 0.9758022832588136
14.766366366366368 0.977326553695154
14.782182182182183 0.9788664314320702
14.797997997998 0.9804216458849128
14.813813813813816 0.9819923034181488
14.82962962962963 0.9835787166223434
14.845445445445447 0.9851812230487481
14.861261261261262 0.986800005291465
14.877077077077079 0.9884349240655026
14.892892892892894 0.9900853749550586
14.90870870870871 0.9917501778689629
14.924524524524527 0.9934275060489562
14.940340340340342 0.995114858874619
14.956156156156158 0.9968090798638312
14.971971971971973 0.9985064183608715
14.98778778778779 1.000202630619216
15.003603603603604 1.0018931134970643
15.019419419419421 1.0035730619450862
15.035235235235236 1.005237640002769
15.051051051051052 1.0068821542202007
15.066866866866869 1.008502218331954
15.082682682682684 1.010093898630283
15.0984984984985 1.011653830772769
15.114314314314315 1.0131793006303138
15.130130130130132 1.0146682841143135
15.145945945945947 1.0161194435682832
15.161761761761763 1.017532081101619
15.17757757757758 1.018906052005772
15.193393393393395 1.0202416439528428
15.209209209209211 1.0215394298737164
15.225025025025026 1.0228001041108779
15.240840840840843 1.0240243125349588
15.256656656656657 1.025212487736704
15.272472472472474 1.026364700132026
15.288288288288289 1.0274805348649134
15.304104104104105 1.0285590028207945
15.319919919919922 1.0295984919691312
15.335735735735737 1.0305967627679928
15.351551551551553 1.0315509886383156
15.367367367367368 1.0324578397189472
15.383183183183185 1.0333136054168701
15.398998998999 1.0341143488350577
15.414814814814816 1.0348560841416923
15.430630630630633 1.0355349664617917
15.446446446446448 1.0361474830157373
15.462262262262264 1.036690634050648
15.47807807807808 1.0371620926207228
15.493893893893896 1.037560333440814
15.50970970970971 1.0378847227931962
15.525525525525527 1.0381355637053387
15.541341341341344 1.0383140932025365
15.557157157157159 1.0384224312191046
15.572972972972975 1.0384634835602538
15.58878878878879 1.0384408039773854
15.604604604604607 1.0383584227950142
15.620420420420421 1.0382206514687824
15.636236236236238 1.0380318738484247
15.652052052052053 1.0377963356874595
15.66786786786787 1.0375179440406634
15.683683683683686 1.0372000876185332
15.6994994994995 1.0368454879620619
15.715315315315317 1.0364560895352333
15.731131131131132 1.0360329946130546
15.746946946946949 1.0355764463016783
15.762762762762764 1.0350858603139121
15.77857857857858 1.034559903396463
15.794394394394397 1.0339966137221497
15.810210210210212 1.0333935562684797
15.826026026026028 1.032748004332265
15.841841841841843 1.0320571369811657
15.85765765765766 1.0313182414883246
15.873473473473474 1.030528909671205
15.889289289289291 1.0296872175588676
15.905105105105108 1.028791878905228
15.920920920920922 1.027842364677512
15.936736736736739 1.0268389826783957
15.952552552552554 1.0257829137836125
15.96836836836837 1.0246762037556008
15.984184184184185 1.02352171208272
16.0 1.022323021649413
