# r(Angstrom)            J(r)
8.000000000000000167e-03 0.000000000000000000e+00
2.400000000000000050e-02 0.000000000000000000e+00
4.000000000000000083e-02 0.000000000000000000e+00
5.600000000000000117e-02 0.000000000000000000e+00
7.200000000000000844e-02 0.000000000000000000e+00
8.799999999999999489e-02 0.000000000000000000e+00
1.040000000000000091e-01 0.000000000000000000e+00
1.199999999999999956e-01 0.000000000000000000e+00
1.360000000000000098e-01 0.000000000000000000e+00
1.520000000000000240e-01 0.000000000000000000e+00
1.680000000000000104e-01 0.000000000000000000e+00
1.839999999999999969e-01 0.000000000000000000e+00
2.000000000000000111e-01 0.000000000000000000e+00
2.160000000000000253e-01 0.000000000000000000e+00
2.320000000000000118e-01 0.000000000000000000e+00
2.479999999999999982e-01 0.000000000000000000e+00
2.640000000000000124e-01 0.000000000000000000e+00
2.800000000000000266e-01 0.000000000000000000e+00
2.960000000000000409e-01 0.000000000000000000e+00
3.119999999999999996e-01 0.000000000000000000e+00
3.280000000000000138e-01 0.000000000000000000e+00
3.440000000000000280e-01 0.000000000000000000e+00
3.599999999999999867e-01 0.000000000000000000e+00
3.760000000000000009e-01 0.000000000000000000e+00
3.920000000000000151e-01 0.000000000000000000e+00
4.080000000000000293e-01 0.000000000000000000e+00
4.240000000000000435e-01 0.000000000000000000e+00
4.400000000000000022e-01 0.000000000000000000e+00
4.560000000000000164e-01 0.000000000000000000e+00
4.720000000000000306e-01 0.000000000000000000e+00
4.879999999999999893e-01 0.000000000000000000e+00
5.040000000000000036e-01 0.000000000000000000e+00
5.200000000000000178e-01 0.000000000000000000e+00
5.360000000000000320e-01 0.000000000000000000e+00
5.520000000000000462e-01 0.000000000000000000e+00
5.680000000000000604e-01 0.000000000000000000e+00
5.840000000000000746e-01 0.000000000000000000e+00
5.999999999999999778e-01 0.000000000000000000e+00
6.159999999999999920e-01 0.000000000000000000e+00
6.320000000000000062e-01 0.000000000000000000e+00
6.480000000000000204e-01 0.000000000000000000e+00
6.640000000000000346e-01 0.000000000000000000e+00
6.800000000000000488e-01 0.000000000000000000e+00
6.960000000000000631e-01 0.000000000000000000e+00
7.119999999999999662e-01 0.000000000000000000e+00
7.279999999999999805e-01 0.000000000000000000e+00
7.439999999999999947e-01 0.000000000000000000e+00
7.600000000000000089e-01 0.000000000000000000e+00
7.760000000000000231e-01 0.000000000000000000e+00
7.920000000000000373e-01 0.000000000000000000e+00
8.080000000000000515e-01 0.000000000000000000e+00
8.240000000000000657e-01 0.000000000000000000e+00
8.400000000000000799e-01 0.000000000000000000e+00
8.559999999999999831e-01 0.000000000000000000e+00
8.719999999999999973e-01 0.000000000000000000e+00
8.880000000000000115e-01 0.000000000000000000e+00
9.040000000000000258e-01 0.000000000000000000e+00
9.200000000000000400e-01 0.000000000000000000e+00
9.360000000000000542e-01 0.000000000000000000e+00
9.520000000000000684e-01 0.000000000000000000e+00
9.679999999999999716e-01 0.000000000000000000e+00
9.839999999999999858e-01 0.000000000000000000e+00
1.000000000000000000e+00 0.000000000000000000e+00
1.016000000000000014e+00 0.000000000000000000e+00
1.032000000000000028e+00 0.000000000000000000e+00
1.048000000000000043e+00 0.000000000000000000e+00
1.064000000000000057e+00 0.000000000000000000e+00
1.080000000000000071e+00 0.000000000000000000e+00
1.096000000000000085e+00 0.000000000000000000e+00
1.112000000000000099e+00 0.000000000000000000e+00
1.128000000000000114e+00 0.000000000000000000e+00
1.144000000000000128e+00 0.000000000000000000e+00
1.160000000000000142e+00 0.000000000000000000e+00
1.175999999999999934e+00 0.000000000000000000e+00
1.191999999999999948e+00 0.000000000000000000e+00
1.207999999999999963e+00 0.000000000000000000e+00
1.223999999999999977e+00 0.000000000000000000e+00
1.239999999999999991e+00 0.000000000000000000e+00
1.256000000000000005e+00 0.000000000000000000e+00
1.272000000000000020e+00 0.000000000000000000e+00
1.288000000000000034e+00 0.000000000000000000e+00
1.304000000000000048e+00 0.000000000000000000e+00
1.320000000000000062e+00 0.000000000000000000e+00
1.336000000000000076e+00 0.000000000000000000e+00
1.352000000000000091e+00 0.000000000000000000e+00
1.368000000000000105e+00 0.000000000000000000e+00
1.384000000000000119e+00 0.000000000000000000e+00
1.400000000000000133e+00 0.000000000000000000e+00
1.415999999999999925e+00 0.000000000000000000e+00
1.431999999999999940e+00 0.000000000000000000e+00
1.447999999999999954e+00 0.000000000000000000e+00
1.463999999999999968e+00 0.000000000000000000e+00
1.479999999999999982e+00 0.000000000000000000e+00
1.495999999999999996e+00 0.000000000000000000e+00
1.512000000000000011e+00 0.000000000000000000e+00
1.528000000000000025e+00 0.000000000000000000e+00
1.544000000000000039e+00 0.000000000000000000e+00
1.560000000000000053e+00 0.000000000000000000e+00
1.576000000000000068e+00 0.000000000000000000e+00
1.592000000000000082e+00 0.000000000000000000e+00
1.608000000000000096e+00 0.000000000000000000e+00
1.624000000000000110e+00 0.000000000000000000e+00
1.640000000000000124e+00 0.000000000000000000e+00
1.656000000000000139e+00 0.000000000000000000e+00
1.672000000000000153e+00 0.000000000000000000e+00
1.687999999999999945e+00 0.000000000000000000e+00
1.703999999999999959e+00 0.000000000000000000e+00
1.719999999999999973e+00 0.000000000000000000e+00
1.735999999999999988e+00 0.000000000000000000e+00
1.752000000000000002e+00 0.000000000000000000e+00
1.768000000000000016e+00 0.000000000000000000e+00
1.784000000000000030e+00 0.000000000000000000e+00
1.800000000000000044e+00 0.000000000000000000e+00
1.816000000000000059e+00 0.000000000000000000e+00
1.832000000000000073e+00 1.686428654314464828e-06
1.848000000000000087e+00 1.379746994846656552e-05
1.864000000000000101e+00 1.579527120036757935e-04
1.880000000000000115e+00 8.253932543396490630e-04
1.896000000000000130e+00 2.805593723762999508e-03
1.912000000000000144e+00 7.231332249195020559e-03
1.927999999999999936e+00 1.577933138839331464e-02
1.943999999999999950e+00 3.189894104700823074e-02
1.959999999999999964e+00 6.142628904037360921e-02
1.975999999999999979e+00 1.137020852655235142e-01
1.991999999999999993e+00 2.026453645513658919e-01
2.008000000000000007e+00 3.479433917555463385e-01
2.024000000000000021e+00 5.755773363444952606e-01
2.040000000000000036e+00 9.174112116241377457e-01
2.056000000000000050e+00 1.408993698346818313e+00
2.072000000000000064e+00 2.085261842375070174e+00
2.088000000000000078e+00 2.974001517658881433e+00
2.104000000000000092e+00 4.087689791114838656e+00
2.120000000000000107e+00 5.415027273888415316e+00
2.136000000000000121e+00 6.914208948261746812e+00
2.152000000000000135e+00 8.510233581816626369e+00
2.168000000000000149e+00 1.009814551542292804e+01
2.184000000000000163e+00 1.155299808582461907e+01
2.200000000000000178e+00 1.274566406725933732e+01
2.216000000000000192e+00 1.356187717238777424e+01
2.232000000000000206e+00 1.392063271321951312e+01
2.248000000000000220e+00 1.378782214158697350e+01
2.264000000000000234e+00 1.318189447183431184e+01
2.280000000000000249e+00 1.217020196828476131e+01
2.296000000000000263e+00 1.085700019319269316e+01
2.312000000000000277e+00 9.366024109363792149e+00
2.327999999999999847e+00 7.821648125269838658e+00
2.343999999999999861e+00 6.332503647053441043e+00
2.359999999999999876e+00 4.980406221288485646e+00
2.375999999999999890e+00 3.815718086566191047e+00
2.391999999999999904e+00 2.858667618028208679e+00
2.407999999999999918e+00 2.104947548415375902e+00
2.423999999999999932e+00 1.533472794285867469e+00
2.439999999999999947e+00 1.114270002666595261e+00
2.455999999999999961e+00 8.150432948895256491e-01
2.471999999999999975e+00 6.057761068450099318e-01
2.487999999999999989e+00 4.612554263876119665e-01
2.504000000000000004e+00 3.618953962506959998e-01
2.520000000000000018e+00 2.933982190830980996e-01
2.536000000000000032e+00 2.458476641032602272e-01
2.552000000000000046e+00 2.127062549857502705e-01
2.568000000000000060e+00 1.899445493310910338e-01
2.584000000000000075e+00 1.751244945315188761e-01
2.600000000000000089e+00 1.662809206487151636e-01
2.616000000000000103e+00 1.621023288567379761e-01
2.632000000000000117e+00 1.616646662933769185e-01
2.648000000000000131e+00 1.644430632955111438e-01
2.664000000000000146e+00 1.700541447790724081e-01
2.680000000000000160e+00 1.783456364214090484e-01
2.696000000000000174e+00 1.892477835923232210e-01
2.712000000000000188e+00 2.028180354152869236e-01
2.728000000000000203e+00 2.192430712420078420e-01
2.744000000000000217e+00 2.387828873800678653e-01
2.760000000000000231e+00 2.617539740550946514e-01
2.776000000000000245e+00 2.886904305753887345e-01
2.792000000000000259e+00 3.201607064121546609e-01
2.808000000000000274e+00 3.569313710834750575e-01
2.823999999999999844e+00 3.999249849218989294e-01
2.839999999999999858e+00 4.502246707977668461e-01
2.855999999999999872e+00 5.090792653005089541e-01
2.871999999999999886e+00 5.778744913181286247e-01
2.887999999999999901e+00 6.581537698157903238e-01
2.903999999999999915e+00 7.515869950794822341e-01
2.919999999999999929e+00 8.599748347688671579e-01
2.935999999999999943e+00 9.851804727654698279e-01
2.951999999999999957e+00 1.129156662897970564e+00
2.967999999999999972e+00 1.293864163571477599e+00
2.983999999999999986e+00 1.481077999211793284e+00
3.000000000000000000e+00 1.692344439381333387e+00
3.016000000000000014e+00 1.928691846578689972e+00
3.032000000000000028e+00 2.190536421175324211e+00
3.048000000000000043e+00 2.477344405060278643e+00
3.064000000000000057e+00 2.788039290690041305e+00
3.080000000000000071e+00 3.120677559381847210e+00
3.096000000000000085e+00 3.473073957071804330e+00
3.112000000000000099e+00 3.843202015391442128e+00
3.128000000000000114e+00 4.229789089865147567e+00
3.144000000000000128e+00 4.633187255435731622e+00
3.160000000000000142e+00 5.055757090524489961e+00
3.176000000000000156e+00 5.502459348415283280e+00
3.192000000000000171e+00 5.980754530971522875e+00
3.208000000000000185e+00 6.500321179619046319e+00
3.224000000000000199e+00 7.072028347865927600e+00
3.240000000000000213e+00 7.706567297026897911e+00
3.256000000000000227e+00 8.412775424069092622e+00
3.272000000000000242e+00 9.195675064168650437e+00
3.288000000000000256e+00 1.005490891857983193e+01
3.304000000000000270e+00 1.098364988718004120e+01
3.320000000000000284e+00 1.196824074966462348e+01
3.336000000000000298e+00 1.298865759528992392e+01
3.351999999999999869e+00 1.401973492904305374e+01
3.367999999999999883e+00 1.503301876001201443e+01
3.383999999999999897e+00 1.599851814862425492e+01
3.399999999999999911e+00 1.688653395103537846e+01
3.415999999999999925e+00 1.766881594172271619e+01
3.431999999999999940e+00 1.831927631832902392e+01
3.447999999999999954e+00 1.881456259138855813e+01
3.463999999999999968e+00 1.913444197716811956e+01
3.479999999999999982e+00 1.926256807728989173e+01
3.495999999999999996e+00 1.918759357193061277e+01
3.512000000000000011e+00 1.890485388552644963e+01
3.528000000000000025e+00 1.841791872452061796e+01
3.544000000000000039e+00 1.773994419099309994e+01
3.560000000000000053e+00 1.689411730561899816e+01
3.576000000000000068e+00 1.591299926428910538e+01
3.592000000000000082e+00 1.483657108193581031e+01
3.608000000000000096e+00 1.370913366857015525e+01
3.624000000000000110e+00 1.257570136389464643e+01
3.640000000000000124e+00 1.147823885832637281e+01
3.656000000000000139e+00 1.045229013963780318e+01
3.672000000000000153e+00 9.524773929262991601e+00
3.688000000000000167e+00 8.712745685678584096e+00
3.704000000000000181e+00 8.023555224922093387e+00
3.720000000000000195e+00 7.455829915774941696e+00
3.736000000000000210e+00 7.001700483916121875e+00
3.752000000000000224e+00 6.648788321258924938e+00
3.768000000000000238e+00 6.382527916541941515e+00
3.784000000000000252e+00 6.188193685681319778e+00
3.800000000000000266e+00 6.052111936802691439e+00
3.816000000000000281e+00 5.962765711428901660e+00
3.832000000000000295e+00 5.910925395384298398e+00
3.847999999999999865e+00 5.889707112930883781e+00
3.863999999999999879e+00 5.894140391506803134e+00
3.879999999999999893e+00 5.920662007391610082e+00
3.895999999999999908e+00 5.966509500835430302e+00
3.911999999999999922e+00 6.029192541616295031e+00
3.927999999999999936e+00 6.106065950176293278e+00
3.943999999999999950e+00 6.193917658781405322e+00
3.959999999999999964e+00 6.288893745873019192e+00
3.975999999999999979e+00 6.386502132431035150e+00
3.991999999999999993e+00 6.482067342680254640e+00
4.008000000000000007e+00 6.571147645726922448e+00
4.024000000000000021e+00 6.649829315353921189e+00
4.040000000000000036e+00 6.715399999068118575e+00
4.056000000000000050e+00 6.766328272309836578e+00
4.072000000000000064e+00 6.802381776717847828e+00
4.088000000000000078e+00 6.824393864526054898e+00
4.104000000000000092e+00 6.833908460431418419e+00
4.120000000000000107e+00 6.832760450916767425e+00
4.136000000000000121e+00 6.822981860305785240e+00
4.152000000000000135e+00 6.806597537396651632e+00
4.168000000000000149e+00 6.785487683882761800e+00
4.184000000000000163e+00 6.761535879286809880e+00
4.200000000000000178e+00 6.736536697264671858e+00
4.216000000000000192e+00 6.712201891794512321e+00
4.232000000000000206e+00 6.689814643437165920e+00
4.248000000000000220e+00 6.670229720318240574e+00
4.264000000000000234e+00 6.653523356314318349e+00
4.280000000000000249e+00 6.639017012249277983e+00
4.296000000000000263e+00 6.625238640005035151e+00
4.312000000000000277e+00 6.610025476660150723e+00
4.328000000000000291e+00 6.590877934184571352e+00
4.344000000000000306e+00 6.565116747973668510e+00
4.360000000000000320e+00 6.530385034160784308e+00
4.376000000000000334e+00 6.484676299410599754e+00
4.392000000000000348e+00 6.426777126773188797e+00
4.408000000000000362e+00 6.356371261934432582e+00
4.424000000000000377e+00 6.274166408132140660e+00
4.440000000000000391e+00 6.181935813073835106e+00
4.456000000000000405e+00 6.082532962111217856e+00
4.472000000000000419e+00 5.979764130119542109e+00
4.488000000000000433e+00 5.878165931860229065e+00
4.504000000000000448e+00 5.782652296806883641e+00
4.520000000000000462e+00 5.698096928020335739e+00
4.536000000000000476e+00 5.629086708360041769e+00
4.552000000000000490e+00 5.579395810841284664e+00
4.568000000000000504e+00 5.551728537923823481e+00
4.584000000000000519e+00 5.547505827466229889e+00
4.600000000000000533e+00 5.567061148028348505e+00
4.616000000000000547e+00 5.609664595034661971e+00
4.631999999999999673e+00 5.674007723253158275e+00
4.647999999999999687e+00 5.758536577265146228e+00
4.663999999999999702e+00 5.862136356458181652e+00
4.679999999999999716e+00 5.984471865638743004e+00
4.695999999999999730e+00 6.126318756191944104e+00
4.711999999999999744e+00 6.289615440910355737e+00
4.727999999999999758e+00 6.477272896997520846e+00
4.743999999999999773e+00 6.692739244514031682e+00
4.759999999999999787e+00 6.939707191203597247e+00
4.775999999999999801e+00 7.221292239685804581e+00
4.791999999999999815e+00 7.539700034707170317e+00
4.807999999999999829e+00 7.895891878092828442e+00
4.823999999999999844e+00 8.289424281091788416e+00
4.839999999999999858e+00 8.718241832191294449e+00
4.855999999999999872e+00 9.178768161631182920e+00
4.871999999999999886e+00 9.665977159808534225e+00
4.887999999999999901e+00 1.017363532828287553e+01
4.903999999999999915e+00 1.069442895804621685e+01
4.919999999999999929e+00 1.122043568527560176e+01
4.935999999999999943e+00 1.174352878360965313e+01
4.951999999999999957e+00 1.225614585458732542e+01
4.967999999999999972e+00 1.275181271930338767e+01
4.983999999999999986e+00 1.322580460331133523e+01
5.000000000000000000e+00 1.367554571993748525e+01
5.016000000000000014e+00 1.410064617689203992e+01
5.032000000000000028e+00 1.450276562641649214e+01
5.048000000000000043e+00 1.488489850523689562e+01
5.064000000000000057e+00 1.525056772847327480e+01
5.080000000000000071e+00 1.560284972461217023e+01
5.096000000000000085e+00 1.594346105362180133e+01
5.112000000000000099e+00 1.627221491220301175e+01
5.128000000000000114e+00 1.658658300318945678e+01
5.144000000000000128e+00 1.688195612888118191e+01
5.160000000000000142e+00 1.715215678914829667e+01
5.176000000000000156e+00 1.739001775338915223e+01
5.192000000000000171e+00 1.758830376639914306e+01
5.208000000000000185e+00 1.774059673469090015e+01
5.224000000000000199e+00 1.784193636829736818e+01
5.240000000000000213e+00 1.788963977923893367e+01
5.256000000000000227e+00 1.788354056582420526e+01
5.272000000000000242e+00 1.782653332940919455e+01
5.288000000000000256e+00 1.772454274961172516e+01
5.304000000000000270e+00 1.758631864447047732e+01
5.320000000000000284e+00 1.742256920659423258e+01
5.336000000000000298e+00 1.724548162258076900e+01
5.352000000000000313e+00 1.706714215958657377e+01
5.368000000000000327e+00 1.689861018549690641e+01
5.384000000000000341e+00 1.674875100131234973e+01
5.400000000000000355e+00 1.662367959782867644e+01
5.416000000000000369e+00 1.652656399195781844e+01
5.432000000000000384e+00 1.645800747857666479e+01
5.448000000000000398e+00 1.641671328115173623e+01
5.464000000000000412e+00 1.640052051117405085e+01
5.480000000000000426e+00 1.640702977799335827e+01
5.496000000000000441e+00 1.643423918759295788e+01
5.512000000000000455e+00 1.648076678265929118e+01
5.528000000000000469e+00 1.654548085412357850e+01
5.544000000000000483e+00 1.662729822963126480e+01
5.560000000000000497e+00 1.672444319585746797e+01
5.576000000000000512e+00 1.683438833335846496e+01
5.592000000000000526e+00 1.695366748549021452e+01
5.608000000000000540e+00 1.707811774042601982e+01
5.624000000000000554e+00 1.720357244795895113e+01
5.639999999999999680e+00 1.732632718198279775e+01
5.655999999999999694e+00 1.744397527509785562e+01
5.671999999999999709e+00 1.755559527342620285e+01
5.687999999999999723e+00 1.766168870482098541e+01
5.703999999999999737e+00 1.776416549693787772e+01
5.719999999999999751e+00 1.786549382623073257e+01
5.735999999999999766e+00 1.796814227832205901e+01
5.751999999999999780e+00 1.807393836365701389e+01
5.767999999999999794e+00 1.818363749742550795e+01
5.783999999999999808e+00 1.829714665169586496e+01
5.799999999999999822e+00 1.841353645771561887e+01
5.815999999999999837e+00 1.853165174488099964e+01
5.831999999999999851e+00 1.865088155966168770e+01
5.847999999999999865e+00 1.877138771666276540e+01
5.863999999999999879e+00 1.889428706275429093e+01
5.879999999999999893e+00 1.902171912593311376e+01
5.895999999999999908e+00 1.915593631501719329e+01
5.911999999999999922e+00 1.929892335356819899e+01
5.927999999999999936e+00 1.945149490404346437e+01
5.943999999999999950e+00 1.961284093625496894e+01
5.959999999999999964e+00 1.978023609978450992e+01
5.975999999999999979e+00 1.994950486451902094e+01
5.991999999999999993e+00 2.011528035894681921e+01
6.008000000000000007e+00 2.027218031525006836e+01
6.024000000000000021e+00 2.041587851981780233e+01
6.040000000000000036e+00 2.054368753248686019e+01
6.056000000000000050e+00 2.065525358707099102e+01
6.072000000000000064e+00 2.075248479521105693e+01
6.088000000000000078e+00 2.083935841867048211e+01
6.104000000000000092e+00 2.092108633939126960e+01
6.120000000000000107e+00 2.100304754559148179e+01
6.136000000000000121e+00 2.109032089742584759e+01
6.152000000000000135e+00 2.118665279247362676e+01
6.168000000000000149e+00 2.129418964230606193e+01
6.184000000000000163e+00 2.141368001889822636e+01
6.200000000000000178e+00 2.154431771205748447e+01
6.216000000000000192e+00 2.168457997189830522e+01
6.232000000000000206e+00 2.183227816377675623e+01
6.248000000000000220e+00 2.198510446534088913e+01
6.264000000000000234e+00 2.214094666099373754e+01
6.280000000000000249e+00 2.229790147555550206e+01
6.296000000000000263e+00 2.245456614656063365e+01
6.312000000000000277e+00 2.260984934779792610e+01
6.328000000000000291e+00 2.276288219051449602e+01
6.344000000000000306e+00 2.291302796561768673e+01
6.360000000000000320e+00 2.305929881764359735e+01
6.376000000000000334e+00 2.320058540358894206e+01
6.392000000000000348e+00 2.333544010494478371e+01
6.408000000000000362e+00 2.346239883829184691e+01
6.424000000000000377e+00 2.358040903446636349e+01
6.440000000000000391e+00 2.368911217208300002e+01
6.456000000000000405e+00 2.378940929820187478e+01
6.472000000000000419e+00 2.388368603115428002e+01
6.488000000000000433e+00 2.397539342989350786e+01
6.504000000000000448e+00 2.406873432113266986e+01
6.520000000000000462e+00 2.416811345040822445e+01
6.536000000000000476e+00 2.427692967486873243e+01
6.552000000000000490e+00 2.439741348903214302e+01
6.568000000000000504e+00 2.453002374674155917e+01
6.584000000000000519e+00 2.467343936621797340e+01
6.600000000000000533e+00 2.482497651431453534e+01
6.616000000000000547e+00 2.498105071435695024e+01
6.632000000000000561e+00 2.513805703168780781e+01
6.648000000000000576e+00 2.529267428442883414e+01
6.664000000000000590e+00 2.544276763740302272e+01
6.679999999999999716e+00 2.558726385779145573e+01
6.695999999999999730e+00 2.572645626699583232e+01
6.711999999999999744e+00 2.586151018737729146e+01
6.727999999999999758e+00 2.599389426191002173e+01
6.743999999999999773e+00 2.612496417663970050e+01
6.759999999999999787e+00 2.625552404325168965e+01
6.775999999999999801e+00 2.638570965199597396e+01
6.791999999999999815e+00 2.651503048219446868e+01
6.807999999999999829e+00 2.664284786114872361e+01
6.823999999999999844e+00 2.676849823369935422e+01
6.839999999999999858e+00 2.689172680422108641e+01
6.855999999999999872e+00 2.701270647959900728e+01
6.871999999999999886e+00 2.713163387548484451e+01
6.887999999999999901e+00 2.724847011841801248e+01
6.903999999999999915e+00 2.736262375658373003e+01
6.919999999999999929e+00 2.747272121114103527e+01
6.935999999999999943e+00 2.757701886872354891e+01
6.951999999999999957e+00 2.767397200152339565e+01
6.967999999999999972e+00 2.776279644847308958e+01
6.983999999999999986e+00 2.784420075771330261e+01
7.000000000000000000e+00 2.792030359158443176e+01
7.016000000000000014e+00 2.799475892909617158e+01
7.032000000000000028e+00 2.807174991523361030e+01
7.048000000000000043e+00 2.815504223978507525e+01
7.064000000000000057e+00 2.824706632795215810e+01
7.080000000000000071e+00 2.834833538182235557e+01
7.096000000000000085e+00 2.845717902213514350e+01
7.112000000000000099e+00 2.857010332493571170e+01
7.128000000000000114e+00 2.868235466409430146e+01
7.144000000000000128e+00 2.878923664660802473e+01
7.160000000000000142e+00 2.888690872903304907e+01
7.176000000000000156e+00 2.897282659639175861e+01
7.192000000000000171e+00 2.904621197320084747e+01
7.208000000000000185e+00 2.910758731624444451e+01
7.224000000000000199e+00 2.915845262189879605e+01
7.240000000000000213e+00 2.920087912972711308e+01
7.256000000000000227e+00 2.923660884989921271e+01
7.272000000000000242e+00 2.926726186841093380e+01
7.288000000000000256e+00 2.929419841835807858e+01
7.304000000000000270e+00 2.931891225462637607e+01
7.320000000000000284e+00 2.934282958841263778e+01
7.336000000000000298e+00 2.936770121376966713e+01
7.352000000000000313e+00 2.939523892122394244e+01
7.368000000000000327e+00 2.942681671239807173e+01
7.384000000000000341e+00 2.946321250285938476e+01
7.400000000000000355e+00 2.950421323914460814e+01
7.416000000000000369e+00 2.954861349121208036e+01
7.432000000000000384e+00 2.959476204662618315e+01
7.448000000000000398e+00 2.964086597071461782e+01
7.464000000000000412e+00 2.968587824821972632e+01
7.480000000000000426e+00 2.972998378422497012e+01
7.496000000000000441e+00 2.977456289057573713e+01
7.512000000000000455e+00 2.982231246802936653e+01
7.528000000000000469e+00 2.987653914568802804e+01
7.544000000000000483e+00 2.994060023475513788e+01
7.560000000000000497e+00 3.001716102994463853e+01
7.576000000000000512e+00 3.010772125606054672e+01
7.592000000000000526e+00 3.021234294210080762e+01
7.608000000000000540e+00 3.032975842888225060e+01
7.624000000000000554e+00 3.045813906601890508e+01
7.640000000000000568e+00 3.059524469382107270e+01
7.656000000000000583e+00 3.073926422249080304e+01
7.672000000000000597e+00 3.088894733998992947e+01
7.687999999999999723e+00 3.104389379032352991e+01
7.703999999999999737e+00 3.120426917113255882e+01
7.719999999999999751e+00 3.137059214500883542e+01
7.735999999999999766e+00 3.154337571226946579e+01
7.751999999999999780e+00 3.172294055736724872e+01
7.767999999999999794e+00 3.190920002206980399e+01
7.783999999999999808e+00 3.210181004128973115e+01
7.799999999999999822e+00 3.230004626528710787e+01
7.815999999999999837e+00 3.250297319553037312e+01
7.831999999999999851e+00 3.270968534901653868e+01
7.847999999999999865e+00 3.291961700830958648e+01
7.863999999999999879e+00 3.313239483202542601e+01
7.879999999999999893e+00 3.334817812038388496e+01
7.895999999999999908e+00 3.356758727414140964e+01
7.911999999999999922e+00 3.379202805792782982e+01
7.927999999999999936e+00 3.402308823603951282e+01
7.943999999999999950e+00 3.426237203222675731e+01
7.959999999999999964e+00 3.451136512955186930e+01
7.975999999999999979e+00 3.477072540650405585e+01
7.991999999999999993e+00 3.504042378783937295e+01
8.007999999999999119e+00 3.531955058982104134e+01
8.023999999999999133e+00 3.560639265333798420e+01
8.039999999999999147e+00 3.589884198887077815e+01
8.055999999999999162e+00 3.619437705123826277e+01
8.071999999999999176e+00 3.649061597547348157e+01
8.087999999999999190e+00 3.678519477742344890e+01
8.103999999999999204e+00 3.707590021467549946e+01
8.119999999999999218e+00 3.736053272775889411e+01
8.135999999999999233e+00 3.763723301032180046e+01
8.151999999999999247e+00 3.790433940025463500e+01
8.167999999999999261e+00 3.816053442915347205e+01
8.183999999999999275e+00 3.840528877739826896e+01
8.199999999999999289e+00 3.863867252909449235e+01
8.215999999999999304e+00 3.886138017735763839e+01
8.231999999999999318e+00 3.907488962439292379e+01
8.247999999999999332e+00 3.928079311763135451e+01
8.263999999999999346e+00 3.948066241007590094e+01
8.279999999999999361e+00 3.967550276330042891e+01
8.295999999999999375e+00 3.986560079640564425e+01
8.311999999999999389e+00 4.005022208311247311e+01
8.327999999999999403e+00 4.022767840822527319e+01
8.343999999999999417e+00 4.039570844047889864e+01
8.359999999999999432e+00 4.055208216659552534e+01
8.375999999999999446e+00 4.069492473395471421e+01
8.391999999999999460e+00 4.082324640843270203e+01
8.407999999999999474e+00 4.093744946737366064e+01
8.423999999999999488e+00 4.103925771970934733e+01
8.439999999999999503e+00 4.113158231764293049e+01
8.455999999999999517e+00 4.121780883196881007e+01
8.471999999999999531e+00 4.130165081088501466e+01
8.487999999999999545e+00 4.138627320349903727e+01
8.503999999999999559e+00 4.147354650895078265e+01
8.519999999999999574e+00 4.156433367681228219e+01
8.535999999999999588e+00 4.165807404893225652e+01
8.551999999999999602e+00 4.175296020245273354e+01
8.567999999999999616e+00 4.184627977892544237e+01
8.583999999999999631e+00 4.193502265285913211e+01
8.599999999999999645e+00 4.201610657397746706e+01
8.615999999999999659e+00 4.208719691958567211e+01
8.631999999999999673e+00 4.214723563927113048e+01
8.647999999999999687e+00 4.219660442211036866e+01
8.663999999999999702e+00 4.223767515431650565e+01
8.679999999999999716e+00 4.227473638318679150e+01
8.695999999999999730e+00 4.231335574346702799e+01
8.711999999999999744e+00 4.236002271705581990e+01
8.727999999999999758e+00 4.242078988136751150e+01
8.743999999999999773e+00 4.250047125156165606e+01
8.759999999999999787e+00 4.260171466628346337e+01
8.775999999999999801e+00 4.272454365245333463e+01
8.791999999999999815e+00 4.286620632822496901e+01
8.807999999999999829e+00 4.302182898154016044e+01
8.823999999999999844e+00 4.318508205491360030e+01
8.839999999999999858e+00 4.334912900126177959e+01
8.855999999999999872e+00 4.350760779712124560e+01
8.871999999999999886e+00 4.365570299268085108e+01
8.887999999999999901e+00 4.378997082802884933e+01
8.903999999999999915e+00 4.390896133906564813e+01
8.919999999999999929e+00 4.401288139750445083e+01
8.935999999999999943e+00 4.410366604122032186e+01
8.951999999999999957e+00 4.418467496811318540e+01
8.967999999999999972e+00 4.426041245522471002e+01
8.983999999999999986e+00 4.433621115814224112e+01
9.000000000000000000e+00 4.441758395956458827e+01
9.016000000000000014e+00 4.450964318656341590e+01
9.032000000000000028e+00 4.461625952369145409e+01
9.048000000000000043e+00 4.473916831980972830e+01
9.064000000000000057e+00 4.487753407115047821e+01
9.080000000000000071e+00 4.502791267300238331e+01
9.096000000000000085e+00 4.518447115086631527e+01
9.112000000000000099e+00 4.534037029754968273e+01
9.128000000000000114e+00 4.548877189144890565e+01
9.144000000000000128e+00 4.562448346928417919e+01
9.160000000000000142e+00 4.574528454245395892e+01
9.176000000000000156e+00 4.585180535966556903e+01
9.192000000000000171e+00 4.594748598734194189e+01
9.208000000000000185e+00 4.603788346305302071e+01
9.224000000000000199e+00 4.612857439693669903e+01
9.239999999999998437e+00 4.622385168253576637e+01
9.255999999999998451e+00 4.632578258129448301e+01
9.271999999999998465e+00 4.643306502599180874e+01
9.287999999999998479e+00 4.654179443430313512e+01
9.303999999999998494e+00 4.664610111870396025e+01
9.319999999999998508e+00 4.673976006909403225e+01
9.335999999999998522e+00 4.681767409741924268e+01
9.351999999999998536e+00 4.687731665506696288e+01
9.367999999999998550e+00 4.691909185140892191e+01
9.383999999999998565e+00 4.694687810627057445e+01
9.399999999999998579e+00 4.696698335667367274e+01
9.415999999999998593e+00 4.698757138349080975e+01
9.431999999999998607e+00 4.701694736989844614e+01
9.447999999999998622e+00 4.706286737560611755e+01
9.463999999999998636e+00 4.713138776100586824e+01
9.479999999999998650e+00 4.722655600473808590e+01
9.495999999999998664e+00 4.734998132888011213e+01
9.511999999999998678e+00 4.750129605745917161e+01
9.527999999999998693e+00 4.767829899798215365e+01
9.543999999999998707e+00 4.787789386898398902e+01
9.559999999999998721e+00 4.809661592687545806e+01
9.575999999999998735e+00 4.833081273174119019e+01
9.591999999999998749e+00 4.857737061736733608e+01
9.607999999999998764e+00 4.883348628804758107e+01
9.623999999999998778e+00 4.909706002115046886e+01
9.639999999999998792e+00 4.936591298956610530e+01
9.655999999999998806e+00 4.963810775804753916e+01
9.671999999999998820e+00 4.991143228847830215e+01
9.687999999999998835e+00 5.018371321633594562e+01
9.703999999999998849e+00 5.045297838484873409e+01
9.719999999999998863e+00 5.071756695021243644e+01
9.735999999999998877e+00 5.097634580618702671e+01
9.751999999999998892e+00 5.122901208141468032e+01
9.767999999999998906e+00 5.147507534885528457e+01
9.783999999999998920e+00 5.171395298194916279e+01
9.799999999999998934e+00 5.194404862155560920e+01
9.815999999999998948e+00 5.216247068242171991e+01
9.831999999999998963e+00 5.236508423810759894e+01
9.847999999999998977e+00 5.254691852902801941e+01
9.863999999999998991e+00 5.270276095546730488e+01
9.879999999999999005e+00 5.282852771871402808e+01
9.895999999999999019e+00 5.292219371835214048e+01
9.911999999999999034e+00 5.298419814158457086e+01
9.927999999999999048e+00 5.301834668935187977e+01
9.943999999999999062e+00 5.303103247571782930e+01
9.959999999999999076e+00 5.303122562715914512e+01
9.975999999999999091e+00 5.302904290175779778e+01
9.991999999999999105e+00 5.303504259816611466e+01
1.000799999999999912e+01 5.305916539860147196e+01
1.002399999999999913e+01 5.310987402574137661e+01
1.003999999999999915e+01 5.319331987574116738e+01
1.005599999999999916e+01 5.331311698641701469e+01
1.007199999999999918e+01 5.347024240783471782e+01
1.008799999999999919e+01 5.366292049427354982e+01
1.010399999999999920e+01 5.388691090225411529e+01
1.011999999999999922e+01 5.413615183411988596e+01
1.013599999999999923e+01 5.440331747621020497e+01
1.015199999999999925e+01 5.468043088325218548e+01
1.016799999999999926e+01 5.495972855397771895e+01
1.018399999999999928e+01 5.523398700060292299e+01
1.019999999999999929e+01 5.549718278393258686e+01
1.021599999999999930e+01 5.574455857137832027e+01
1.023199999999999932e+01 5.597317663927002940e+01
1.024799999999999933e+01 5.618190543541732751e+01
1.026399999999999935e+01 5.637155879593383645e+01
1.027999999999999936e+01 5.654497900649276687e+01
1.029599999999999937e+01 5.670718894684457467e+01
1.031199999999999939e+01 5.686425606159749435e+01
1.032799999999999940e+01 5.702293774564414264e+01
1.034399999999999942e+01 5.718933445778770874e+01
1.035999999999999943e+01 5.736764057503343395e+01
1.037599999999999945e+01 5.755928139455978965e+01
1.039199999999999946e+01 5.776263421765433037e+01
1.040799999999999947e+01 5.797320957969812127e+01
1.042399999999999949e+01 5.818494125628628666e+01
1.043999999999999950e+01 5.839129503348897288e+01
1.045599999999999952e+01 5.858673398766350005e+01
1.047199999999999953e+01 5.876766834291138508e+01
1.048799999999999955e+01 5.893314321719687143e+01
1.050399999999999956e+01 5.908395471116466524e+01
1.051999999999999957e+01 5.922255602052938173e+01
1.053599999999999959e+01 5.935189534451558302e+01
1.055199999999999960e+01 5.947471341757714924e+01
1.056799999999999962e+01 5.959352863855804827e+01
1.058399999999999963e+01 5.971005418946586474e+01
1.059999999999999964e+01 5.982595255473415818e+01
1.061599999999999966e+01 5.994269902939132066e+01
1.063199999999999967e+01 6.006232701145127351e+01
1.064799999999999969e+01 6.018712898900540154e+01
1.066399999999999970e+01 6.031981430650658638e+01
1.067999999999999972e+01 6.046336063180746834e+01
1.069599999999999973e+01 6.062007717877931157e+01
1.071199999999999974e+01 6.079155003101632815e+01
1.072799999999999976e+01 6.097734486187491143e+01
1.074399999999999977e+01 6.117551406441141637e+01
1.075999999999999979e+01 6.138177129053526926e+01
1.077599999999999980e+01 6.159058422167408509e+01
1.079199999999999982e+01 6.179588239584692388e+01
1.080799999999999983e+01 6.199305181569868495e+01
1.082399999999999984e+01 6.217975083309653428e+01
1.083999999999999986e+01 6.235718633015953571e+01
1.085599999999999987e+01 6.253017854503706019e+01
1.087199999999999989e+01 6.270650781201151602e+01
1.088799999999999990e+01 6.289482766349070175e+01
1.090399999999999991e+01 6.310303646070182992e+01
1.091999999999999993e+01 6.333649696205063151e+01
1.093599999999999994e+01 6.359680735355671999e+01
1.095199999999999996e+01 6.388183213506360403e+01
1.096799999999999997e+01 6.418637669401675794e+01
1.098399999999999999e+01 6.450398130955406373e+01
1.100000000000000000e+01 6.482783951269689737e+01
1.101600000000000001e+01 6.515240918912599000e+01
1.103200000000000003e+01 6.547335587026424264e+01
1.104800000000000004e+01 6.578773998739146123e+01
1.106400000000000006e+01 6.609341164337978114e+01
1.108000000000000007e+01 6.638833096544257728e+01
1.109600000000000009e+01 6.667013145478031788e+01
1.111200000000000010e+01 6.693629063896854348e+01
1.112800000000000011e+01 6.718448515831750001e+01
1.114400000000000013e+01 6.741263878020242828e+01
1.116000000000000014e+01 6.761989415583815344e+01
1.117600000000000016e+01 6.780671421626223605e+01
1.119200000000000017e+01 6.797497145875375679e+01
1.120800000000000018e+01 6.812780956156784384e+01
1.122400000000000020e+01 6.826934385449477816e+01
1.124000000000000021e+01 6.840502840784331795e+01
1.125600000000000023e+01 6.854071412057712109e+01
1.127199999999999847e+01 6.868246124118640239e+01
1.128799999999999848e+01 6.883601993977427469e+01
1.130399999999999849e+01 6.900603466395661201e+01
1.131999999999999851e+01 6.919561255135907629e+01
1.133599999999999852e+01 6.940575191939370825e+01
1.135199999999999854e+01 6.963558900958921072e+01
1.136799999999999855e+01 6.988222704141590214e+01
1.138399999999999856e+01 7.014146927874101323e+01
1.139999999999999858e+01 7.040820957955573078e+01
1.141599999999999859e+01 7.067747510887916462e+01
1.143199999999999861e+01 7.094484003929981952e+01
1.144799999999999862e+01 7.120706031654304979e+01
1.146399999999999864e+01 7.146186451406141771e+01
1.147999999999999865e+01 7.170849085476029927e+01
1.149599999999999866e+01 7.194701539528276157e+01
1.151199999999999868e+01 7.217859537443726481e+01
1.152799999999999869e+01 7.240467335077245536e+01
1.154399999999999871e+01 7.262734909295491548e+01
1.155999999999999872e+01 7.284853706663278672e+01
1.157599999999999874e+01 7.307022799636669674e+01
1.159199999999999875e+01 7.329419015012410910e+01
1.160799999999999876e+01 7.352199853093787851e+01
1.162399999999999878e+01 7.375549197764595988e+01
1.163999999999999879e+01 7.399546983652217591e+01
1.165599999999999881e+01 7.424280480937667903e+01
1.167199999999999882e+01 7.449704430252607779e+01
1.168799999999999883e+01 7.475660210915154380e+01
1.170399999999999885e+01 7.501799190879201262e+01
1.171999999999999886e+01 7.527604642191096218e+01
1.173599999999999888e+01 7.552443450186828500e+01
1.175199999999999889e+01 7.575643295514319675e+01
1.176799999999999891e+01 7.596581031700432618e+01
1.178399999999999892e+01 7.614800283321423535e+01
1.179999999999999893e+01 7.630139155968379328e+01
1.181599999999999895e+01 7.642725862677511373e+01
1.183199999999999896e+01 7.652978236537701662e+01
1.184799999999999898e+01 7.661610920927884649e+01
1.186399999999999899e+01 7.669472176747039782e+01
1.187999999999999901e+01 7.677474075524088448e+01
1.189599999999999902e+01 7.686406463903034592e+01
1.191199999999999903e+01 7.696896634651319857e+01
1.192799999999999905e+01 7.709332250503813100e+01
1.194399999999999906e+01 7.723843787283240658e+01
1.195999999999999908e+01 7.740351824582126028e+01
1.197599999999999909e+01 7.758608940840633750e+01
1.199199999999999910e+01 7.778333615549134095e+01
1.200799999999999912e+01 7.799256225420704425e+01
1.202399999999999913e+01 7.821155174887655903e+01
1.203999999999999915e+01 7.843906522191730346e+01
1.205599999999999916e+01 7.867425048008178123e+01
1.207199999999999918e+01 7.891637264068282320e+01
1.208799999999999919e+01 7.916441600431829784e+01
1.210399999999999920e+01 7.941660650681608047e+01
1.211999999999999922e+01 7.967090640065661944e+01
1.213599999999999923e+01 7.992510493276950001e+01
1.215199999999999925e+01 8.017770642108551726e+01
1.216799999999999926e+01 8.042765063934290026e+01
1.218399999999999928e+01 8.067517861915497690e+01
1.219999999999999929e+01 8.092077008864198717e+01
1.221599999999999930e+01 8.116505705225185352e+01
1.223199999999999932e+01 8.140770485333811735e+01
1.224799999999999933e+01 8.164716113978164458e+01
1.226399999999999935e+01 8.188022440218865938e+01
1.227999999999999936e+01 8.210259173654876008e+01
1.229599999999999937e+01 8.231014929962816495e+01
1.231199999999999939e+01 8.249961687176804048e+01
1.232799999999999940e+01 8.267061819895172903e+01
1.234399999999999942e+01 8.282622015464633591e+01
1.235999999999999943e+01 8.297337642442435879e+01
1.237599999999999945e+01 8.312215880549409519e+01
1.239199999999999946e+01 8.328445984040224914e+01
1.240799999999999947e+01 8.347179674429105489e+01
1.242399999999999949e+01 8.369340508223585573e+01
1.243999999999999950e+01 8.395390730719351779e+01
1.245599999999999952e+01 8.425229963112347775e+01
1.247199999999999953e+01 8.458201082713065944e+01
1.248799999999999955e+01 8.493160090688292030e+01
1.250399999999999956e+01 8.528654822456931583e+01
1.251999999999999957e+01 8.563209034020653121e+01
1.253599999999999959e+01 8.595491852884546802e+01
1.255199999999999960e+01 8.624582012712147616e+01
1.256799999999999962e+01 8.650013510427810104e+01
1.258399999999999963e+01 8.671845857314319517e+01
1.259999999999999964e+01 8.690600601561004623e+01
1.261599999999999966e+01 8.707147482436396047e+01
1.263199999999999967e+01 8.722541560065789668e+01
1.264799999999999969e+01 8.737847265520304063e+01
1.266399999999999970e+01 8.754024847890337924e+01
1.267999999999999972e+01 8.771802582052549724e+01
1.269599999999999973e+01 8.791575269740764043e+01
1.271199999999999974e+01 8.813432161005287924e+01
1.272799999999999976e+01 8.837129410435611021e+01
1.274399999999999977e+01 8.862226795344574271e+01
1.275999999999999979e+01 8.888145799283132931e+01
1.277599999999999980e+01 8.914300789860516261e+01
1.279199999999999982e+01 8.940162723255298260e+01
1.280799999999999983e+01 8.965382667960278695e+01
1.282399999999999984e+01 8.989801065805194469e+01
1.283999999999999986e+01 9.013461123229845384e+01
1.285599999999999987e+01 9.036579148197260736e+01
1.287199999999999989e+01 9.059470123231818661e+01
1.288799999999999990e+01 9.082479731168820081e+01
1.290399999999999991e+01 9.105913270457587316e+01
1.291999999999999993e+01 9.130040516673561513e+01
1.293599999999999994e+01 9.154988462873654953e+01
1.295199999999999996e+01 9.180840319719784759e+01
1.296799999999999997e+01 9.207576971465738325e+01
1.298399999999999999e+01 9.235148777357466088e+01
1.300000000000000000e+01 9.263529748113423068e+01
1.301600000000000001e+01 9.292707309984041331e+01
1.303200000000000003e+01 9.322712681799400514e+01
1.304800000000000004e+01 9.353553958040342309e+01
1.306400000000000006e+01 9.385152681550894727e+01
1.308000000000000007e+01 9.417346653151196278e+01
1.309600000000000009e+01 9.449795324199743618e+01
1.311200000000000010e+01 9.482104394587562979e+01
1.312800000000000011e+01 9.513877595877478655e+01
1.314400000000000013e+01 9.544793017875628038e+01
1.316000000000000014e+01 9.574746526435544069e+01
1.317600000000000016e+01 9.603892722372904700e+01
1.319200000000000017e+01 9.632635389248385138e+01
1.320800000000000018e+01 9.661475590547493653e+01
1.322400000000000020e+01 9.690929059620771113e+01
1.324000000000000021e+01 9.721265946498320432e+01
1.325600000000000023e+01 9.752412110845139637e+01
1.327200000000000024e+01 9.783922178600560926e+01
1.328800000000000026e+01 9.815012087655232165e+01
1.330400000000000027e+01 9.844756402930670447e+01
1.332000000000000028e+01 9.872250407885465506e+01
1.333599999999999852e+01 9.896839595992038596e+01
1.335199999999999854e+01 9.918207007193267088e+01
1.336799999999999855e+01 9.936414719213155422e+01
1.338399999999999856e+01 9.951847714820485180e+01
1.339999999999999858e+01 9.965041120488889703e+01
1.341599999999999859e+01 9.976608536342429545e+01
1.343199999999999861e+01 9.987080198262020758e+01
1.344799999999999862e+01 9.996902851846076032e+01
1.346399999999999864e+01 1.000645012124444548e+02
1.347999999999999865e+01 1.001610701804251988e+02
1.349599999999999866e+01 1.002633338370573171e+02
1.351199999999999868e+01 1.003776622735564530e+02
1.352799999999999869e+01 1.005113277265290463e+02
1.354399999999999871e+01 1.006729027384526205e+02
1.355999999999999872e+01 1.008700313729838456e+02
1.357599999999999874e+01 1.011083182882672986e+02
1.359199999999999875e+01 1.013905351361914029e+02
1.360799999999999876e+01 1.017148447506494904e+02
1.362399999999999878e+01 1.020758322569210321e+02
1.363999999999999879e+01 1.024644928819963212e+02
1.365599999999999881e+01 1.028695368113777420e+02
1.367199999999999882e+01 1.032790767825133855e+02
1.368799999999999883e+01 1.036813668686878600e+02
1.370399999999999885e+01 1.040661625231536931e+02
1.371999999999999886e+01 1.044250664923858665e+02
1.373599999999999888e+01 1.047511039547829057e+02
1.375199999999999889e+01 1.050390318102944320e+02
1.376799999999999891e+01 1.052845377120551547e+02
1.378399999999999892e+01 1.054848404604795178e+02
1.379999999999999893e+01 1.056397710413946953e+02
1.381599999999999895e+01 1.057516086843758529e+02
1.383199999999999896e+01 1.058259838294675887e+02
1.384799999999999898e+01 1.058724878890029402e+02
1.386399999999999899e+01 1.059038203453247320e+02
1.387999999999999901e+01 1.059342458556928364e+02
1.389599999999999902e+01 1.059779484566040395e+02
1.391199999999999903e+01 1.060468139869123547e+02
1.392799999999999905e+01 1.061483369233130247e+02
1.394399999999999906e+01 1.062850817330155735e+02
1.395999999999999908e+01 1.064540913892427909e+02
1.397599999999999909e+01 1.066481232453189989e+02
1.399199999999999910e+01 1.068576816665070623e+02
1.400799999999999912e+01 1.070727406625748159e+02
1.402399999999999913e+01 1.072851241210172475e+02
1.403999999999999915e+01 1.074900493114585487e+02
1.405599999999999916e+01 1.076867370779233681e+02
1.407199999999999918e+01 1.078781807697617978e+02
1.408799999999999919e+01 1.080703757338090725e+02
1.410399999999999920e+01 1.082708319826182191e+02
1.411999999999999922e+01 1.084862547525466425e+02
1.413599999999999923e+01 1.087218175005898075e+02
1.415199999999999925e+01 1.089797319974966143e+02
1.416799999999999926e+01 1.092589146314094251e+02
1.418399999999999928e+01 1.095556540197287632e+02
1.419999999999999929e+01 1.098640141782864390e+02
1.421599999999999930e+01 1.101776004541142413e+02
1.423199999999999932e+01 1.104904821819927179e+02
1.424799999999999933e+01 1.107979350658363842e+02
1.426399999999999935e+01 1.110972121309667386e+02
1.427999999999999936e+01 1.113865915966082127e+02
1.429599999999999937e+01 1.116649792986039813e+02
1.431199999999999939e+01 1.119316859098076122e+02
1.432799999999999940e+01 1.121851863596877052e+02
1.434399999999999942e+01 1.124238930457886028e+02
1.435999999999999943e+01 1.126459841417950543e+02
1.437599999999999945e+01 1.128507909529824786e+02
1.439199999999999946e+01 1.130394021880128150e+02
1.440799999999999947e+01 1.132152133827920153e+02
1.442399999999999949e+01 1.133836662956225894e+02
1.443999999999999950e+01 1.135515157825867334e+02
1.445599999999999952e+01 1.137249262079560879e+02
1.447199999999999953e+01 1.139089294699010537e+02
1.448799999999999955e+01 1.141057005323865923e+02
1.450399999999999956e+01 1.143139479216843313e+02
1.451999999999999957e+01 1.145297421794598449e+02
1.453599999999999959e+01 1.147476985184821388e+02
1.455199999999999960e+01 1.149623548114301599e+02
1.456799999999999962e+01 1.151699846231321374e+02
1.458399999999999963e+01 1.153697558617116243e+02
1.459999999999999964e+01 1.155641214259263450e+02
1.461599999999999966e+01 1.157585953117903017e+02
1.463199999999999967e+01 1.159610720101737655e+02
1.464799999999999969e+01 1.161799426124317449e+02
1.466399999999999970e+01 1.164233828206869532e+02
1.467999999999999972e+01 1.166971413451536250e+02
1.469599999999999973e+01 1.170041020177694548e+02
1.471199999999999974e+01 1.173439231821716220e+02
1.472799999999999976e+01 1.177129515533631121e+02
1.474399999999999977e+01 1.181047471753592362e+02
1.475999999999999979e+01 1.185109890237643953e+02
1.477599999999999980e+01 1.189227800906027710e+02
1.479199999999999982e+01 1.193310715988394293e+02
1.480799999999999983e+01 1.197281857120042616e+02
1.482399999999999984e+01 1.201075499204544883e+02
1.483999999999999986e+01 1.204646969419002716e+02
1.485599999999999987e+01 1.207964873267130201e+02
1.487199999999999989e+01 1.211012272581001241e+02
1.488799999999999990e+01 1.213782281131697403e+02
1.490399999999999991e+01 1.216276386978699691e+02
1.491999999999999993e+01 1.218509050433195995e+02
1.493599999999999994e+01 1.220504963600439083e+02
1.495199999999999996e+01 1.222300251221050758e+02
1.496799999999999997e+01 1.223942807015441900e+02
1.498399999999999999e+01 1.225492404923781891e+02
1.500000000000000000e+01 1.227015402893476193e+02
1.501600000000000001e+01 1.228576439020662150e+02
1.503200000000000003e+01 1.230231324471698713e+02
1.504800000000000004e+01 1.232019652396251672e+02
1.506400000000000006e+01 1.233961253402410421e+02
1.508000000000000007e+01 1.236055050635291082e+02
1.509600000000000009e+01 1.238277892305005281e+02
1.511200000000000010e+01 1.240599884546854383e+02
1.512800000000000011e+01 1.242985868289712670e+02
1.514400000000000013e+01 1.245410988912567518e+02
1.516000000000000014e+01 1.247867010062222448e+02
1.517600000000000016e+01 1.250365942265288197e+02
1.519200000000000017e+01 1.252934127440557575e+02
1.520800000000000018e+01 1.255611405015528561e+02
1.522400000000000020e+01 1.258435802982285168e+02
1.524000000000000021e+01 1.261440618965535378e+02
1.525600000000000023e+01 1.264643557213967853e+02
1.527200000000000024e+01 1.268042567145853354e+02
1.528800000000000026e+01 1.271611373272188814e+02
1.530400000000000027e+01 1.275305747176819295e+02
1.532000000000000028e+01 1.279063008344650427e+02
1.533600000000000030e+01 1.282805127014790401e+02
1.535200000000000031e+01 1.286443445213259338e+02
1.536799999999999855e+01 1.289886787967865871e+02
1.538399999999999856e+01 1.293048771279732989e+02
1.539999999999999858e+01 1.295860617519405196e+02
1.541599999999999859e+01 1.298279586025551851e+02
1.543199999999999861e+01 1.300297899914030779e+02
1.544799999999999862e+01 1.301941380884320267e+02
1.546399999999999864e+01 1.303268703110975650e+02
1.547999999999999865e+01 1.304365095455517292e+02
1.549599999999999866e+01 1.305319997630629700e+02
1.551199999999999868e+01 1.306224389434310638e+02
1.552799999999999869e+01 1.307153260568163660e+02
1.554399999999999871e+01 1.308153523083732068e+02
1.555999999999999872e+01 1.309248998073347536e+02
1.557599999999999874e+01 1.310432707745909227e+02
1.559199999999999875e+01 1.311686562117710082e+02
1.560799999999999876e+01 1.312988287825897373e+02
1.562399999999999878e+01 1.314327777612947443e+02
1.563999999999999879e+01 1.315716146336523877e+02
1.565599999999999881e+01 1.317192496192871261e+02
1.567199999999999882e+01 1.318823318586548226e+02
1.568799999999999883e+01 1.320683859135489513e+02
1.570399999999999885e+01 1.322845062828300229e+02
1.571999999999999886e+01 1.325352389626445984e+02
1.573599999999999888e+01 1.328213325787657197e+02
1.575199999999999889e+01 1.331390032421573437e+02
1.576799999999999891e+01 1.334806006821755204e+02
1.578399999999999892e+01 1.338360352842229872e+02
1.579999999999999893e+01 1.341950634566978806e+02
1.581599999999999895e+01 1.345488110047612622e+02
1.583199999999999896e+01 1.348917646738321992e+02
1.584799999999999898e+01 1.352214513097716804e+02
1.586399999999999899e+01 1.355379835749460256e+02
1.587999999999999901e+01 1.358426899383900945e+02
1.589599999999999902e+01 1.361353592292604446e+02
1.591199999999999903e+01 1.364133778962057022e+02
1.592799999999999905e+01 1.366708157577969587e+02
1.594399999999999906e+01 1.368981320835005135e+02
1.595999999999999908e+01 1.370835576573296919e+02
1.597599999999999909e+01 1.372152299133460929e+02
1.599200000000000088e+01 1.372837661179710835e+02
