0.48468468468468473 0.042041943616135335
0.5005005005005005 0.012495865484779212
0.5163163163163164 -0.004596717676936146
0.5321321321321322 -0.011041775790378017
0.547947947947948 -0.008732496641874476
0.5637637637637638 0.0004131490517653713
0.5795795795795797 0.014513510553330722
0.5953953953953954 0.031780762686865915
0.6112112112112114 0.050572711770190515
0.6270270270270271 0.06943705537522249
0.642842842842843 0.08714658587885338
0.6586586586586587 0.10272422886602184
0.6744744744744746 0.11545725396569784
0.6902902902902903 0.12490046631792762
0.7061061061061062 0.13086865923008795
0.721921921921922 0.13341906043398644
0.7377377377377379 0.13282491468665125
0.7535535535535536 0.12954169553596118
0.7693693693693695 0.1241677133751049
0.7851851851851852 0.11740107386810394
0.8010010010010011 0.10999503335781036
0.8168168168168168 0.10271379365887856
0.8326326326326328 0.09629068019590237
0.8484484484484485 0.09139046187698818
0.8642642642642644 0.08857730965364496
0.8800800800800801 0.0882895681620085
0.895895895895896 0.09082214858882354
0.9117117117117117 0.09631696009591362
0.9275275275275277 0.10476140160304703
0.9433433433433434 0.11599455496627809
0.9591591591591593 0.12972037275944004
0.9749749749749752 0.1455268548999623
0.9907907907907909 0.16290997119296213
1.0066066066066068 0.1813009208601134
1.0224224224224225 0.2000952306792544
1.0382382382382385 0.21868218178368892
1.0540540540540542 0.23647311870889198
1.06986986986987 0.2529273264178149
1.0856856856856858 0.26757435198330837
1.1015015015015017 0.2800318849035234
1.1173173173173174 0.2900185793256066
1.1331331331331334 0.29736148735012813
1.148948948948949 0.3019980594888466
1.164764764764765 0.3039729413141887
1.1805805805805807 0.3034300408714048
1.1963963963963966 0.3006005481376406
1.2122122122122123 0.29578774696527366
1.2280280280280282 0.2893495658094124
1.243843843843844 0.281679863574696
1.2596596596596599 0.2731894417776356
1.2754754754754756 0.26428771756690805
1.2912912912912915 0.25536589029284273
1.3071071071071072 0.2467822957589758
1.3229229229229231 0.23885047709466556
1.3387387387387388 0.2318303203530011
1.3545545545545548 0.22592241769526245
1.3703703703703705 0.22126564217249067
1.3861861861861864 0.2179377554079357
1.402002002002002 0.21595873109640362
1.417817817817818 0.2152963693556078
1.4336336336336337 0.21587370351818302
1.4494494494494496 0.2175776634853659
1.4652652652652653 0.22026845746455725
1.4810810810810813 0.223789163793074
1.496896896896897 0.22797508174368653
1.512712712712713 0.23266246838331406
1.5285285285285286 0.2376963804076373
1.5443443443443445 0.2429374376514467
1.5601601601601602 0.24826742102712296
1.5759759759759762 0.25359370493891165
1.5917917917917919 0.2588525968025691
1.6076076076076078 0.26401170966311527
1.6234234234234235 0.2690715252582364
1.6392392392392394 0.27406631329008213
1.6550550550550551 0.2790645590829094
1.670870870870871 0.2841690189117888
1.6866866866866868 0.28951647430124494
1.7025025025025027 0.29527719890800264
1.7183183183183186 0.30165409038277746
1.7341341341341343 0.3088813613196394
1.7499499499499502 0.3172226343353306
1.765765765765766 0.32696825211240776
1.7815815815815819 0.3384315984510021
1.7973973973973976 0.35194423413719644
1.8132132132132135 0.3678496831983107
1.8290290290290292 0.38649576049297385
1.8448448448448451 0.4082254083412715
1.8606606606606608 0.4333661040538662
1.8764764764764768 0.46221800626034715
1.8922922922922925 0.4950411191616866
1.9081081081081084 0.532041862754109
1.923923923923924 0.5733595359004124
1.93973973973974 0.6190532402682456
1.9555555555555557 0.6690898897261888
1.9713713713713716 0.7233339560780887
1.9871871871871873 0.7815395939008087
2.0030030030030033 0.8433457425147899
2.018818818818819 0.9082747216621518
2.034634634634635 0.975734721398604
2.050450450450451 1.045026440284271
2.0662662662662665 1.115353955425023
2.0820820820820822 1.1858397211879146
2.0978978978978984 1.255543399681572
2.113713713713714 1.3234840353236987
2.12952952952953 1.3886649082152318
2.1453453453453455 1.4501002464652781
2.1611611611611616 1.5068428550199235
2.1769769769769773 1.5580116354695144
2.192792792792793 1.602817933391278
2.208608608608609 1.640589660440672
2.224424424424425 1.6707921985812761
2.2402402402402406 1.6930452019163238
2.2560560560560567 1.70713456340553
2.2718718718718725 1.7130190028235277
2.287687687687688 1.7108309501127223
2.303503503503504 1.7008716346694916
2.31931931931932 1.6836005348565741
2.3351351351351357 1.6596195814282995
2.3509509509509514 1.6296527319680667
2.366766766766767 1.5945217299655783
2.3825825825825833 1.5551190221929134
2.398398398398399 1.51237892376048
2.4142142142142147 1.4672481860431705
2.4300300300300304 1.4206571354645297
2.4458458458458465 1.3734925104768465
2.4616616616616622 1.326573032223921
2.477477477477478 1.2806286061234315
2.4932932932932936 1.236283874056486
2.50910910910911 1.1940466290176726
2.5249249249249255 1.154301376410129
2.540740740740741 1.117308089999862
2.556556556556557 1.083205977492993
2.572372372372373 1.0520218520731186
2.5881881881881887 1.023682512439826
2.6040040040040044 0.9980303739039063
2.61981981981982 0.9748414740292486
2.6356356356356363 0.953844903063385
2.651451451451452 0.9347426844362535
2.6672672672672677 0.9172291538822104
2.6830830830830834 0.90100895473954
2.6988988988988996 0.8858128769033268
2.7147147147147153 0.8714109109613917
2.730530530530531 0.8576220588483364
2.746346346346347 0.8443206284144413
2.762162162162163 0.8314389315403855
2.7779779779779785 0.8189664937097192
2.7937937937937942 0.8069460576481121
2.8096096096096104 0.7954668161149603
2.825425425425426 0.7846554319804501
2.8412412412412418 0.7746654919062503
2.8570570570570575 0.7656660898555174
2.8728728728728736 0.7578302470190401
2.8886886886886893 0.7513238464454233
2.904504504504505 0.7462956966371965
2.9203203203203207 0.7428692433846992
2.936136136136137 0.7411363294380442
2.9519519519519526 0.7411532646814221
2.9677677677677683 0.7429393233884464
2.983583583583584 0.7464776382525741
2.9993993993994 0.7517183213261863
3.015215215215216 0.7585835172249562
3.0310310310310316 0.7669739903680417
3.0468468468468473 0.7767767706660069
3.0626626626626634 0.7878733343691942
3.078478478478479 0.8001477804382642
3.094294294294295 0.813494477703247
3.1101101101101105 0.8278247024251248
3.1259259259259267 0.8430718562868471
3.1417417417417424 0.8591949466118606
3.157557557557558 0.8761801180044438
3.1733733733733738 0.8940401412172896
3.18918918918919 0.9128118841670725
3.2050050050050056 0.9325519050066887
3.2208208208208213 0.9533304118346566
3.2366366366366375 0.9752239225577697
3.252452452452453 0.9983070272437359
3.268268268268269 1.0226437008734033
3.2840840840840846 1.0482786349688034
3.2998998998999007 1.0752290517966414
3.3157157157157164 1.1034774357774084
3.331531531531532 1.1329655656960298
3.347347347347348 1.1635901617392217
3.363163163163164 1.1952003775746536
3.3789789789789797 1.2275972745322394
3.3947947947947954 1.2605353176471847
3.410610610610611 1.2937258370819957
3.4264264264264273 1.3268423081842453
3.442242242242243 1.3595272235432787
3.4580580580580587 1.3914002645121681
3.4738738738738744 1.4220674304716772
3.4896896896896905 1.4511307533179638
3.505505505505506 1.4781982128768802
3.521321321321322 1.502893475762432
3.5371371371371376 1.524865104217266
3.5529529529529538 1.5437949204762265
3.5687687687687695 1.559405263293532
3.584584584584585 1.571464933120318
3.600400400400401 1.5797936874150253
3.616216216216217 1.5842652140883917
3.6320320320320327 1.5848085756796009
3.6478478478478484 1.5814081764453982
3.663663663663664 1.5741023565490821
3.6794794794794803 1.5629807600171934
3.695295295295296 1.548180654837786
3.7111111111111117 1.5298824039690788
3.7269269269269274 1.5083042952645793
3.7427427427427435 1.483696937178664
3.7585585585585592 1.4563374168981238
3.774374374374375 1.426523399952171
3.790190190190191 1.3945673273440102
3.806006006006007 1.3607908398865312
3.8218218218218225 1.3255195317402881
3.837637637637638 1.2890781080007754
3.8534534534534544 1.2517859961397753
3.86926926926927 1.2139534393835372
3.8850850850850858 1.1758780825032107
3.9009009009009015 1.1378420473602109
3.9167167167167176 1.1001094868304477
3.9325325325325333 1.0629246009910422
3.948348348348349 1.0265100979504949
3.9641641641641647 0.9910660824823545
3.979979979979981 0.9567693576130131
3.9957957957957966 0.9237731264372816
4.011611611611612 0.8922070827033212
4.027427427427428 0.862177878314771
4.043243243243244 0.8337699532875946
4.059059059059059 0.8070467086173169
4.074874874874875 0.782051995025449
4.090690690690691 0.7588118810447371
4.106506506506507 0.737336653038152
4.122322322322323 0.7176229884213525
4.138138138138139 0.6996562326208442
4.1539539539539545 0.6834127012629946
4.16976976976977 0.6688619228340098
4.185585585585586 0.6559687345337779
4.2014014014014025 0.6446951460092751
4.217217217217218 0.635001892551702
4.233033033033034 0.6268496112911472
4.24884884884885 0.6201995906697055
4.264664664664665 0.6150140643927672
4.280480480480481 0.6112560451756954
4.296296296296297 0.6088887196498107
4.312112112112113 0.6078744522754904
4.327927927927929 0.6081734714091094
4.343743743743745 0.6097423331369292
4.35955955955956 0.6125322765603158
4.375375375375376 0.616487596523577
4.391191191191192 0.6215441652416599
4.4070070070070075 0.6276282322089457
4.422822822822823 0.6346556218881891
4.43863863863864 0.6425314311973664
4.4544544544544555 0.6511503044153168
4.470270270270271 0.6603973329493624
4.486086086086087 0.6701495929808617
4.501901901901903 0.680278297174707
4.517717717717718 0.6906514994650366
4.533533533533534 0.7011372565643366
4.54934934934935 0.7116071184046011
4.565165165165166 0.7219397941624304
4.580980980980982 0.7320248225156374
4.596796796796798 0.7417660656067067
4.6126126126126135 0.7510848466514006
4.628428428428429 0.7599225614974426
4.644244244244245 0.7682426144147503
4.660060060060061 0.7760315571352252
4.675875875875876 0.7832993462890154
4.691691691691693 0.7900786760903777
4.707507507507509 0.796423388244401
4.723323323323324 0.8024060071794539
4.73913913913914 0.8081144933656434
4.754954954954956 0.8136483482072903
4.770770770770771 0.8191142385317799
4.786586586586587 0.8246213350870559
4.802402402402404 0.8302765761821671
4.818218218218219 0.8361800736537661
4.834034034034035 0.8424208732879258
4.849849849849851 0.8490732658478343
4.8656656656656665 0.85619381872866
4.881481481481482 0.8638192633127585
4.897297297297298 0.8719653311470849
4.913113113113114 0.8806265853092414
4.92892892892893 0.8897772442295168
4.944744744744746 0.8993729463785061
4.960560560560562 0.909353358179623
4.976376376376377 0.9196454866682942
4.992192192192193 0.9301675249074246
5.008008008008009 0.9408330336864518
5.023823823823824 0.9515552487848722
5.03963963963964 0.9622512997150617
5.055455455455457 0.9728461334267421
5.071271271271272 0.9832759544215759
5.087087087087088 0.9934910200044859
5.102902902902904 1.0034576644168665
5.1187187187187195 1.0131594663931036
5.134534534534535 1.022597519015412
5.150350350350351 1.0317898062233972
5.166166166166167 1.0407697345592737
5.181981981981983 1.049583909410614
5.197797797797799 1.0582892801049764
5.213613613613615 1.0669498060196396
5.22942942942943 1.0756328151356558
5.245245245245246 1.0844052364246266
5.261061061061062 1.0933298878707651
5.2768768768768775 1.1024619930870256
5.292692692692694 1.1118460821646983
5.30850850850851 1.1215134078207654
5.3243243243243255 1.1314799776528393
5.340140140140141 1.1417452692109564
5.355955955955957 1.1522916586278258
5.371771771771773 1.16308455772197
5.387587587587588 1.1740732207231273
5.403403403403404 1.18519215179506
5.419219219219221 1.1963630197913295
5.435035035035036 1.207496968260965
5.450850850850852 1.218497197302562
5.466666666666668 1.2292616896956572
5.482482482482483 1.2396859566374308
5.498298298298299 1.2496656878002068
5.514114114114115 1.2590992053702983
5.5299299299299305 1.2678896410206977
5.545745745745747 1.275946777002317
5.561561561561563 1.2831885162015746
5.5773773773773785 1.2895419695901635
5.593193193193194 1.2949441715562717
5.60900900900901 1.2993424528967443
5.624824824824826 1.3026945167497237
5.640640640640641 1.3049682737352777
5.656456456456457 1.3061414986535016
5.672272272272274 1.306201372210837
5.688088088088089 1.305143967679735
5.703903903903905 1.3029737347156334
5.719719719719721 1.2997030215782457
5.735535535535536 1.2953516637361167
5.751351351351352 1.2899466523908196
5.767167167167168 1.2835218819900711
5.782982982982984 1.2761179624130727
5.7987987987988 1.2677820701948215
5.814614614614616 1.258567804716955
5.8304304304304315 1.248535010309007
5.846246246246247 1.2377495239908967
5.862062062062063 1.2262828111824347
5.877877877877879 1.21421145787194
5.893693693693694 1.201616496985102
5.909509509509511 1.1885825583243967
5.925325325325327 1.1751968445939363
5.941141141141142 1.1615479497188816
5.956956956956958 1.147724548913139
5.972772772772774 1.1338140017787612
5.9885885885885894 1.1199009192694762
6.004404404404405 1.106065751909584
6.020220220220221 1.092383459721401
6.0360360360360374 1.0789223236077015
6.051851851851853 1.065742953439793
6.067667667667669 1.0528975400475309
6.0834834834834846 1.04042938715975
6.0992992992993 1.0283727457696608
6.115115115115116 1.0167529582250825
6.130930930930932 1.0055869034966876
6.146746746746747 0.9948837195301807
6.162562562562564 0.9846457642921979
6.17837837837838 0.9748697649455371
6.194194194194195 0.9655480952723714
6.210010010010011 0.9566701155582147
6.225825825825827 0.9482235069935169
6.2416416416416425 0.9401955343484572
6.257457457457458 0.9325741760956237
6.273273273273275 0.9253490699330337
6.2890890890890905 0.9185122332321796
6.304904904904906 0.9120585315738452
6.320720720720722 0.9059858833930742
6.336536536536538 0.9002952039265324
6.352352352352353 0.8949901062290776
6.368168168168169 0.890076390142984
6.383983983983985 0.8855613610103525
6.399799799799801 0.8814530280155392
6.415615615615617 0.8777592369152819
6.431431431431433 0.874486793354155
6.447247247247248 0.8716406309847731
6.463063063063064 0.8692230734416522
6.47887887887888 0.8672332312751342
6.4946946946946955 0.8656665648213347
6.510510510510511 0.8645146323727375
6.526326326326328 0.8637650307040114
6.5421421421421435 0.8634015228043422
6.557957957957959 0.8634043363473581
6.573773773773775 0.8637506066902181
6.589589589589591 0.864414930609983
6.605405405405406 0.8653699919762993
6.621221221221222 0.8665872183620246
6.637037037037038 0.8680374282524175
6.652852852852854 0.8696914318821751
6.66866866866867 0.8715205544835842
6.684484484484486 0.8734970583916362
6.700300300300301 0.8755944494289721
6.716116116116117 0.8777876626155827
6.731931931931933 0.8800531318170735
6.7477477477477485 0.8823687567818402
6.763563563563564 0.8847137885072041
6.779379379379381 0.8870686595085163
6.7951951951951965 0.8894147889732839
6.811011011011012 0.8917343937564812
6.826826826826828 0.8940103346798328
6.842642642642644 0.8962260237781888
6.858458458458459 0.8983654122946753
6.874274274274275 0.9004130718085027
6.890090090090092 0.9023543724396801
6.905905905905907 0.9041757532381046
6.921721721721723 0.9058650712819907
6.937537537537539 0.9074120083154036
6.9533533533533545 0.9088085075179018
6.96916916916917 0.91004920869081
6.984984984984986 0.9111318481007786
7.000800800800802 0.9120575896215408
7.016616616616618 0.9128312566692828
7.032432432432434 0.9134614395752505
7.04824824824825 0.9139604601602829
7.064064064064065 0.9143441839097496
7.079879879879881 0.9146316797249469
7.095695695695697 0.914844737108412
7.111511511511512 0.9150072601575916
7.127327327327328 0.915144566241909
7.143143143143145 0.9152826241307506
7.15895895895896 0.9154472711325499
7.174774774774776 0.9156634511399453
7.190590590590592 0.9159545151533589
7.2064064064064075 0.9163416228487291
7.222222222222223 0.9168432782142695
7.238038038038039 0.9174750245236882
7.253853853853855 0.9182493144056579
7.269669669669671 0.9191755600973491
7.285485485485487 0.9202603578019241
7.301301301301303 0.9215078691142492
7.317117117117118 0.9229203324384431
7.332932932932934 0.9244986688470042
7.34874874874875 0.9262431404828714
7.364564564564565 0.9281540158118172
7.380380380380382 0.9302321950640879
7.396196196196198 0.9324797511557115
7.412012012012013 0.9349003461623624
7.427827827827829 0.9374994907638681
7.443643643643645 0.9402846235538987
7.4594594594594605 0.9432649981486988
7.475275275275276 0.9464513779606117
7.491091091091092 0.9498555505962396
7.5069069069069085 0.9534896853503383
7.522722722722724 0.9573655674820305
7.53853853853854 0.9614937512434742
7.554354354354356 0.9658826794632767
7.570170170170171 0.9705378204977514
7.585985985985987 0.975460873355319
7.601801801801803 0.9806490887610844
7.6176176176176185 0.9860947480341543
7.633433433433435 0.9917848332493764
7.649249249249251 0.9977009117513151
7.6650650650650665 1.0038192463073041
7.680880880880882 1.010111129737468
7.696696696696698 1.0165434304912802
7.712512512512514 1.023079324093693
7.728328328328329 1.0296791753473118
7.744144144144145 1.0363015282429178
7.759959959959962 1.0429041551593883
7.775775775775777 1.049445114426096
7.791591591591593 1.0558837657989182
7.807407407407409 1.0621816968030553
7.823223223223224 1.0683035189806407
7.83903903903904 1.0742175014438295
7.854854854854856 1.0798960192330467
7.870670670670672 1.085315805171646
7.886486486486488 1.0904580054877278
7.902302302302304 1.0953080507204527
7.9181181181181195 1.0998553636503097
7.933933933933935 1.1040929345717172
7.949749749749751 1.1080168006544557
7.965565565565567 1.1116254700528658
7.981381381381382 1.1149193326180937
7.997197197197199 1.1179000975246756
8.013013013013014 1.12057029399033
8.02882882882883 1.1229328648640649
8.044644644644645 1.1249908746432353
8.060460460460462 1.1267473440285418
8.076276276276277 1.128205213085738
8.092092092092093 1.1293674251354062
8.107907907907908 1.1302371143071017
8.123723723723725 1.130817871886033
8.139539539539541 1.1311140606687171
8.155355355355356 1.1311311429198807
8.171171171171173 1.1308759864237008
8.186986986986987 1.1303571146169027
8.202802802802804 1.1295848707747882
8.218618618618619 1.1285714724232216
8.234434434434435 1.127330940150766
8.25025025025025 1.1258788942550517
8.266066066066067 1.1242322225495487
8.281881881881882 1.1224086325092744
8.297697697697698 1.1204261100731496
8.313513513513515 1.1183023152156546
8.32932932932933 1.1160539503037792
8.345145145145146 1.113696140839619
8.360960960960961 1.1112418691751955
8.376776776776778 1.108701500062643
8.392592592592592 1.1060824325341427
8.408408408408409 1.1033889058293342
8.424224224224226 1.1006219783002027
8.44004004004004 1.0977796879564312
8.455855855855857 1.0948573922021025
8.471671671671672 1.0918482730542287
8.487487487487488 1.088743983440594
8.503303303303303 1.0855354007382267
8.51911911911912 1.0822134461535107
8.534934934934935 1.0787699233698105
8.550750750750751 1.075198327464534
8.566566566566568 1.0714945756238106
8.582382382382383 1.0676576146769055
8.5981981981982 1.063689866767864
8.614014014014014 1.0595974832370443
8.62982982982983 1.0553903875030315
8.645645645645645 1.0510820997927997
8.661461461461462 1.0466893492530047
8.677277277277279 1.0422314915307267
8.693093093093093 1.0377297615810492
8.70890890890891 1.0332064015319098
8.724724724724725 1.028683711294476
8.740540540540541 1.0241830747595695
8.756356356356356 1.0197240165364696
8.772172172172173 1.0153233431188906
8.787987987987988 1.0109944181435229
8.803803803803804 1.0067466142669255
8.81961961961962 1.0025849745300703
8.835435435435436 0.99851010446101
8.851251251251252 0.9945183032582808
8.867067067067067 0.9906019289520799
8.882882882882884 0.9867499792416079
8.898698698698698 0.982948857526071
8.914514514514515 0.9791832831943852
8.930330330330332 0.975437297123033
8.946146146146146 0.9716953080222048
8.961961961961963 0.967943123070392
8.977777777777778 0.9641689073056344
8.993593593593594 0.9603640204256063
9.00940940940941 0.9565236867307921
9.025225225225226 0.9526474634975696
9.041041041041042 0.9487394845203387
9.056856856856857 0.944808468234504
9.072672672672674 0.940867492978645
9.088488488488489 0.9369335548057182
9.104304304304305 0.933026935064646
9.12012012012012 0.9291704150684716
9.135935935935937 0.9253883829747046
9.151751751751751 0.9217058831003522
9.167567567567568 0.9181476600166416
9.183383383383385 0.9147372488347643
9.1991991991992 0.9114961592049612
9.215015015015016 0.9084431939829011
9.230830830830831 0.9055939347017955
9.246646646646647 0.9029604154869559
9.262462462462462 0.9005509955157105
9.278278278278279 0.8983704282663774
9.294094094094095 0.8964201143312497
9.30990990990991 0.8946985141715329
9.325725725725727 0.8932016884728858
9.341541541541542 0.8919239272131135
9.357357357357358 0.8908584245330792
9.373173173173173 0.8899979552025474
9.38898898898899 0.8893355099192266
9.404804804804806 0.888864850727628
9.420620620620621 0.888580954192578
9.436436436436438 0.8884803181714003
9.452252252252253 0.8885611175518882
9.468068068068069 0.8888232045404857
9.483883883883884 0.8892679593434408
9.4996996996997 0.8898980067376108
9.515515515515515 0.8907168224793022
9.531331331331332 0.8917282602355646
9.547147147147149 0.8929360343445445
9.562962962962963 0.8943431959604157
9.57877877877878 0.8959516399077997
9.594594594594595 0.8977616769122627
9.610410410410411 0.899771700992086
9.626226226226226 0.9019779750348881
9.642042042042043 0.9043745493987562
9.65785785785786 0.9069533193141006
9.673673673673674 0.9097042175121317
9.68948948948949 0.9126155294730988
9.705305305305306 0.9156743105503165
9.721121121121122 0.9188668774999916
9.736936936936937 0.9221793420527159
9.752752752752754 0.9255981514008526
9.768568568568568 0.9291106000091851
9.784384384384385 0.9327052789993721
9.800200200200202 0.9363724333801379
9.816016016016016 0.9401042033257988
9.831831831831833 0.9438947331573403
9.847647647647648 0.9477401401709598
9.863463463463464 0.9516383444442957
9.87927927927928 0.9555887696582358
9.895095095095096 0.9595919332387534
9.910910910910912 0.9636489512290218
9.926726726726727 0.9677609888041047
9.942542542542544 0.9719286908993643
9.958358358358359 0.9761516288244262
9.974174174174175 0.9804277978988699
9.98998998998999 0.98475319813636
10.005805805805807 0.9891215250190526
10.021621621621623 0.9935239907641826
10.037437437437438 0.9979492886114766
10.053253253253255 1.0023837040487422
10.06906906906907 1.006811368081316
10.084884884884886 1.0112146391846513
10.1007007007007 1.0155745929776425
10.116516516516517 1.0198715923784094
10.132332332332332 1.0240859064282535
10.148148148148149 1.0281983433581603
10.163963963963965 1.0321908629651666
10.17977977977978 1.0360471349704725
10.195595595595597 1.0397530136228983
10.211411411411412 1.043296904143537
10.227227227227228 1.0466700033279288
10.243043043043043 1.0498664042962986
10.25885885885886 1.0528830635220248
10.274674674674676 1.0557196363625545
10.290490490490491 1.058378194864631
10.306306306306308 1.0608628481574967
10.322122122122122 1.0631792908944988
10.337937937937939 1.0653343086598255
10.353753753753754 1.0673352708391433
10.36956956956957 1.0691896410985848
10.385385385385387 1.0709045333879494
10.401201201201202 1.0724863374618718
10.417017017017018 1.0739404325832769
10.432832832832833 1.0752710017086742
10.44864864864865 1.0764809514874532
10.464464464464465 1.077571936302014
10.480280280280281 1.0785444777985604
10.496096096096096 1.0793981653471114
10.511911911911913 1.0801319180043523
10.52772772772773 1.0807442851337823
10.543543543543544 1.081233761063909
10.55935935935936 1.081599089124821
10.575175175175175 1.0818395320677212
10.590990990990992 1.0819550890987655
10.606806806806807 1.0819466443026808
10.622622622622623 1.0818160367619343
10.63843843843844 1.0815660487992194
10.654254254254255 1.0812003150536174
10.670070070070071 1.0807231611051338
10.685885885885886 1.0801393856713633
10.701701701701703 1.0794540046461305
10.717517517517518 1.0786719781395273
10.733333333333334 1.0777979430116447
10.749149149149149 1.076835973075236
10.764964964964966 1.0757893871952768
10.780780780780782 1.0746606220675372
10.796596596596597 1.0734511817486092
10.812412412412414 1.0721616703588503
10.828228228228229 1.0707919081762507
10.844044044044045 1.069341125012819
10.85985985985986 1.0678082187572584
10.875675675675677 1.0661920617026055
10.891491491491493 1.0644918331334245
10.907307307307308 1.0627073539308667
10.923123123123125 1.0608393978796127
10.93893893893894 1.0588899550349695
10.954754754754756 1.056862424921698
10.97057057057057 1.0547617213625615
10.986386386386387 1.0525942761383584
11.002202202202204 1.0503679351311157
11.018018018018019 1.0480917476918152
11.033833833833835 1.045775657247695
11.04964964964965 1.043430108145369
11.065465465465467 1.0410655899485097
11.081281281281282 1.0386921454467883
11.097097097097098 1.0363188721287562
11.112912912912913 1.0339534485605166
11.12872872872873 1.0316017168401932
11.144544544544546 1.029267350033553
11.160360360360361 1.0269516293329672
11.176176176176178 1.0246533498365724
11.191991991991992 1.0223688666435868
11.207807807807809 1.0200922848230698
11.223623623623624 1.0178157882212513
11.23943943943944 1.0155300935481635
11.255255255255257 1.0132250082540946
11.271071071071072 1.0108900638691938
11.286886886886888 1.008515191175377
11.302702702702703 1.0060914001617463
11.31851851851852 1.0036114264265168
11.334334334334335 1.0010703066474513
11.350150150150151 0.9984658489316458
11.365965965965968 0.995798969121599
11.381781781781783 0.9930738711974619
11.3975975975976 0.990298058383046
11.413413413413414 0.9874821709538802
11.42922922922923 0.984639656516576
11.445045045045045 0.9817862881082839
11.460860860860862 0.9789395542865131
11.476676676676677 0.9761179529159029
11.492492492492493 0.9733402261537398
11.50830830830831 0.9706245778334468
11.524124124124125 0.9679879158094025
11.539939939939941 0.9654451607579962
11.555755755755756 0.9630086594722981
11.571571571571573 0.9606877350258269
11.587387387387388 0.9584883986302457
11.603203203203204 0.9564132390006843
11.61901901901902 0.9544614950870127
11.634834834834836 0.952629307703416
11.650650650650652 0.9509101354895695
11.666466466466467 0.9492953113504917
11.682282282282284 0.9477747075884788
11.698098098098098 0.946337471821002
11.713913913913915 0.944972791829022
11.72972972972973 0.9436706459303137
11.745545545545546 0.9424224964112007
11.761361361361363 0.9412218869213747
11.777177177177178 0.9400649103418307
11.792992992992994 0.9389505211468675
11.80880880880881 0.9378806752582974
11.824624624624626 0.9368602903095867
11.84044044044044 0.9358970295221407
11.856256256256257 0.935000922448346
11.872072072072074 0.9341838450750973
11.887887887887889 0.9334588896759439
11.903703703703705 0.9328396608992766
11.91951951951952 0.9323395385407718
11.935335335335337 0.9319709490540188
11.951151151151151 0.9317446870262067
11.966966966966968 0.9316693246508718
11.982782782782785 0.9317507418700324
11.9985985985986 0.9319918026617234
12.014414414414416 0.9323921943492421
12.03023023023023 0.9329484373173244
12.046046046046047 0.9336540626980604
12.061861861861862 0.9344999460103285
12.077677677677679 0.9354747759562257
12.093493493493494 0.9365656300998201
12.10930930930931 0.9377586233996984
12.125125125125127 0.9390395918540299
12.140940940940942 0.9403947720387934
12.156756756756758 0.9418114381366587
12.172572572572573 0.9432784610902744
12.18838838838839 0.9447867595641873
12.204204204204204 0.9463296191426773
12.220020020020021 0.9479028642089429
12.235835835835838 0.9495048757565258
12.251651651651652 0.9511364574484619
12.267467467467469 0.9528005610265305
12.283283283283284 0.9545018901687021
12.2990990990991 0.9562464086376034
12.314914914914915 0.9580407836769688
12.330730730730732 0.9598917988190591
12.346546546546548 0.9618057714033836
12.362362362362363 0.9637880091406223
12.37817817817818 0.9658423370757997
12.393993993993995 0.9679707215206572
12.409809809809811 0.9701730112503881
12.425625625625626 0.9724468088923521
12.441441441441443 0.9747874774313597
12.457257257257258 0.9771882786058919
12.473073073073074 0.9796406321619129
12.48888888888889 0.9821344779272603
12.504704704704706 0.984658716876152
12.520520520520522 0.9872017030971478
12.536336336336337 0.989751756088425
12.552152152152154 0.9922976622009421
12.567967967967968 0.9948291353367882
12.583783783783785 0.9973372100766222
12.599599599599602 0.9998145450405828
12.615415415415416 1.0022556201745096
12.631231231231233 1.0046568184196436
12.647047047047048 1.0070163894440498
12.662862862862864 1.0093343003421205
12.67867867867868 1.011611985005691
12.694494494494496 1.0138520098310004
12.71031031031031 1.0160576782018131
12.726126126126127 1.0182325995102361
12.741941941941944 1.0203802501657695
12.757757757757759 1.0225035540251268
12.773573573573575 1.0246045079807036
12.78938938938939 1.0266838752066623
12.805205205205207 1.0287409640028506
12.821021021021021 1.0307735045996216
12.836836836836838 1.0327776300499107
12.852652652652655 1.034747960831845
12.86846846846847 1.0366777864188486
12.884284284284286 1.038559331232673
12.9001001001001 1.040384087427499
12.915915915915917 1.0421431931502394
12.931731731731732 1.0438278324970998
12.947547547547549 1.0454296324648396
12.963363363363365 1.0469410328078985
12.97917917917918 1.0483556067956645
12.994994994994997 1.0496683142641094
13.010810810810812 1.0508756728407584
13.026626626626628 1.0519758384963838
13.042442442442443 1.052968592301977
13.05825825825826 1.0538552360844273
13.074074074074074 1.054638405218271
13.089889889889891 1.0553218117261447
13.105705705705708 1.0559099348926413
13.121521521521522 1.0564076794915498
13.137337337337339 1.0568200233257272
13.153153153153154 1.0571516760058408
13.16896896896897 1.0574067697592415
13.184784784784785 1.0575886006578572
13.200600600600602 1.0576994351561098
13.216416416416418 1.057740392473505
13.232232232232233 1.057711408428252
13.24804804804805 1.0576112811453915
13.263863863863865 1.0574377939532689
13.279679679679681 1.0571879060636187
13.295495495495496 1.0568579975909451
13.311311311311313 1.0564441523470451
13.327127127127127 1.055942459825443
13.342942942942944 1.0553493169754307
13.35875875875876 1.0546617107860605
13.374574574574575 1.05387746430848
13.390390390390392 1.0529954314181482
13.406206206206207 1.0520156291694591
13.422022022022023 1.0509393007844565
13.437837837837838 1.0497689068686515
13.453653653653655 1.0485080470658235
13.469469469469471 1.0471613187559061
13.485285285285286 1.0457341232902295
13.501101101101103 1.0442324334071225
13.516916916916918 1.0426625376894114
13.532732732732734 1.041030779086629
13.548548548548549 1.039343304570839
13.564364364364366 1.037605841939526
13.580180180180182 1.035823517705658
13.595995995995997 1.0340007270709903
13.611811811811814 1.0321410633648151
13.627627627627628 1.0302473102875038
13.643443443443445 1.0283214960916096
13.65925925925926 1.026365004735482
13.675075075075076 1.0243787353175993
13.690890890890891 1.022363297979859
13.706706706706708 1.020319232149215
13.722522522522524 1.0182472316105786
13.73833833833834 1.0161483605494046
13.754154154154156 1.0140242453836465
13.76996996996997 1.0118772288693734
13.785785785785787 1.0097104754977235
13.801601601601602 1.00752802043433
13.817417417417419 1.0053347579739165
13.833233233233235 1.0031363694514597
13.84904904904905 1.0009391945121882
13.864864864864867 0.9987500533434556
13.880680680680682 0.9965760306781347
13.896496496496498 0.9944242348905866
13.912312312312313 0.9923015471667527
13.92812812812813 0.9902143764384419
13.943943943943946 0.9881684354880466
13.959759759759761 0.9861685523758523
13.975575575575578 0.9842185292006878
13.991391391391392 0.9823210573136637
14.007207207207209 0.9804776946478657
14.023023023023024 0.978688907021776
14.03883883883884 0.9769541713586698
14.054654654654655 0.9752721349812279
14.070470470470472 0.9736408217229813
14.086286286286288 0.9720578727544629
14.102102102102103 0.970520807923415
14.11791791791792 0.9690272921790583
14.133733733733735 0.9675753913596222
14.149549549549551 0.9661638022810609
14.165365365365366 0.9647920436257501
14.181181181181183 0.963460596490665
14.196996996997 0.9621709864648831
14.212812812812814 0.9609258025778198
14.22862862862863 0.959728652177931
14.244444444444445 0.9585840545396447
14.260260260260262 0.9574972795284722
14.276076076076077 0.9564741407705459
14.291891891891893 0.9555207552911694
14.307707707707708 0.9546432833643542
14.323523523523525 0.9538476632557985
14.339339339339341 0.9531393556018615
14.355155155155156 0.9525231113575673
14.370970970970973 0.9520027756310797
14.386786786786788 0.9515811374120664
14.402602602602604 0.9512598323488741
14.418418418418419 0.9510393025169256
14.434234234234236 0.9509188137491366
14.450050050050052 0.9508965277754021
14.465865865865867 0.9509696233421625
14.481681681681684 0.9511344578354224
14.497497497497498 0.9513867588620017
14.513313313313315 0.9517218338660022
14.52912912912913 0.9521347852372906
14.544944944944946 0.9526207185246778
14.560760760760763 0.9531749322683831
14.576576576576578 0.9537930795386254
14.592392392392394 0.954471293394075
14.60820820820821 0.9552062710077748
14.624024024024026 0.9559953139793211
14.63983983983984 0.9568363251800318
14.655655655655657 0.9577277651826621
14.671471471471472 0.9586685737412047
14.687287287287289 0.9596580637641354
14.703103103103105 0.9606957966520717
14.71891891891892 0.961781448672026
14.734734734734737 0.9629146781810158
14.750550550550551 0.9640950030008718
14.766366366366368 0.9653216961346437
14.782182182182183 0.9665937063918617
14.797997997998 0.9679096084752465
14.813813813813816 0.9692675848184971
14.82962962962963 0.9706654391100897
14.845445445445447 0.972100639151181
14.861261261261262 0.9735703846288097
14.877077077077079 0.9750716936736677
14.892892892892894 0.9766015008238972
14.90870870870871 0.9781567583096239
14.924524524524527 0.97973453244699
14.940340340340342 0.9813320873862122
14.956156156156158 0.9829469494578107
14.971971971971973 0.984576946831227
14.98778778778779 0.9862202210367136
15.003603603603604 0.9878752089774258
15.019419419419421 0.9895405962321498
15.035235235235236 0.9912152445726666
15.051051051051052 0.9928980985503179
15.066866866866869 0.9945880776142835
15.082682682682684 0.996283961401665
15.0984984984985 0.9979842765075281
15.114314314314315 0.999687193156016
15.130130130130132 1.0013904397421702
15.145945945945947 1.0030912422254832
15.161761761761763 1.004786293892447
15.17757757757758 1.0064717591589007
15.193393393393395 1.0081433129707345
15.209209209209211 1.009796215117219
15.225025025025026 1.0114254165369223
15.240840840840843 1.0130256926131562
15.256656656656657 1.0145917966557585
15.272472472472474 1.0161186253625532
15.288288288288289 1.0176013871358685
15.304104104104105 1.0190357637556258
15.319919919919922 1.0204180561055252
15.335735735735737 1.021745305402502
15.351551551551553 1.0230153826474677
15.367367367367368 1.024227040721728
15.383183183183185 1.0253799255964995
15.398998998999 1.0264745453808077
15.414814814814816 1.0275121982718867
15.430630630630633 1.0284948627540498
15.446446446446448 1.0294250554835862
15.462262262262264 1.0303056640776327
15.47807807807808 1.031139763393081
15.493893893893896 1.0319304247617191
15.50970970970971 1.032680527994058
15.525525525525527 1.0333925857627413
15.541341341341344 1.0340685892455244
15.557157157157159 1.03470988269667
15.572972972972975 1.0353170730005528
15.58878878878879 1.0358899783407944
15.604604604604607 1.0364276180066112
15.620420420420421 1.0369282431782099
15.636236236236238 1.0373894064091298
15.652052052052053 1.037808065573253
15.66786786786787 1.0381807163725876
15.683683683683686 1.0385035461946428
15.6994994994995 1.038772601227534
15.715315315315317 1.0389839583225438
15.731131131131132 1.0391338931455245
15.746946946946949 1.0392190366605816
15.762762762762764 1.0392365128968681
15.77857857857858 1.039184052195185
15.794394394394397 1.0390600756315054
15.810210210210212 1.0388637479742906
15.826026026026028 1.0385949982510478
15.841841841841843 1.0382545086776809
15.85765765765766 1.0378436742494086
15.873473473473474 1.0373645366244293
15.889289289289291 1.03681969698771
15.905105105105108 1.0362122133187126
15.920920920920922 1.035545487881411
15.936736736736739 1.034823150807247
15.952552552552554 1.034048945372059
15.96836836836837 1.0332266200150688
15.984184184184185 1.0323598313651954
16.0 1.031452061591309
